FRAME_ID
BOX_X BOX_Y WIDTH HEIGHT
826
429 612 188 143
828
463 621 188 143
830
495 625 188 143
831
509 626 188 143
833
537 632 188 143
835
562 635 188 143
837
585 639 188 143
839
605 645 188 143
841
627 646 188 143
843
646 648 188 143
845
665 651 188 143
847
683 648 188 143
849
702 646 188 143
850
710 645 188 143
852
729 644 188 143
854
743 643 188 143
856
754 646 188 143
858
760 646 188 143
860
763 647 188 143
862
765 650 188 143
864
767 646 188 143
866
770 646 188 143
867
773 657 188 143
869
775 650 188 143
871
777 652 188 143
873
780 649 188 143
875
782 650 188 143
877
786 650 188 143
878
788 650 188 143
880
793 644 188 143
882
797 645 188 143
884
798 649 188 143
886
797 646 188 143
888
794 645 188 143
889
792 648 188 143
891
786 647 188 143
893
775 646 188 143
895
763 646 188 143
916
535 632 135 111
917
549 635 135 111
919
566 633 135 111
921
614 638 135 111
923
621 646 135 111
925
644 645 135 111
927
663 645 135 111
929
684 645 135 111
931
705 647 135 111
933
726 644 135 111
935
743 644 135 111
936
749 651 135 111
938
760 648 135 111
940
770 649 135 111
942
780 649 135 111
944
787 647 135 111
945
789 648 135 111
947
795 651 135 111
949
800 649 135 111
951
802 650 135 111
953
803 649 135 111
955
801 649 135 111
956
799 651 135 111
958
799 653 135 111
960
799 651 135 111
962
801 653 135 111
964
809 653 135 111
965
812 651 135 111
1029
367 613 209 143
1030
410 613 209 143
1032
485 612 209 143
1034
542 618 209 143
1036
588 625 209 143
1038
627 631 209 143
1040
661 630 209 143
1041
675 628 209 143
1043
700 626 209 143
1045
698 625 209 143
1047
697 624 209 143
1048
698 623 209 143
1050
693 624 209 143
1052
686 624 209 143
1054
688 621 209 143
1056
690 621 209 143
1057
692 619 209 143
1059
694 616 209 143
1061
695 617 209 143
1063
693 616 209 143
1064
692 614 209 143
1066
689 613 209 143
1068
685 612 209 143
1070
681 612 209 143
1140
465 591 166 117
1141
493 602 166 117
1143
552 633 166 117
1145
1451 986 166 117
1147
1448 985 166 117
1148
1455 990 166 117
1150
1436 985 166 117
1247
484 610 207 139
1248
501 611 207 139
1250
533 615 207 139
1252
566 620 207 139
1254
597 622 207 139
1256
626 623 207 139
1257
636 626 207 139
1259
655 627 207 139
1261
677 624 207 139
1263
695 626 207 139
1264
695 628 207 139
1266
695 629 207 139
1268
692 625 207 139
1270
689 627 207 139
1271
687 627 207 139
1273
686 630 207 139
1275
684 628 207 139
1277
680 629 207 139
1278
678 628 207 139
1280
673 627 207 139
1282
668 631 207 139
1283
666 628 207 139
1285
666 629 207 139
1287
665 627 207 139
1288
665 627 207 139
1290
664 625 207 139
1292
666 626 207 139
1294
668 630 207 139
1295
670 625 207 139
1297
672 628 207 139
1299
672 625 207 139
1300
668 627 207 139
1302
654 629 207 139
1304
639 626 207 139
1306
621 630 207 139
1307
611 627 207 139
1309
587 630 207 139
1311
564 632 207 139
1312
551 631 207 139
1468
401 574 309 171
1469
430 573 309 171
1471
497 582 309 171
1473
535 585 309 171
1475
558 588 309 171
1476
567 591 309 171
1478
580 591 309 171
1480
587 592 309 171
1481
582 591 309 171
1483
587 587 309 171
1485
583 592 309 171
1487
579 592 309 171
1488
579 592 309 171
1490
581 593 309 171
1492
583 592 309 171
