FRAME_ID
BOX_X BOX_Y WIDTH HEIGHT LABEL ID 3D_X 3D_Y 3D_Z
823
306 583 117 117 car 2 10.677 2.13895 0.5
824
232 664 117 117 car 2 10.677 2.13895 0.5
825
232 664 117 117 car 2 10.677 2.13895 0.5
826
305 661 116 116 car 2 11.0126 2.13738 0.5
827
335 663 116 116 car 2 11.2126 2.13574 0.5
828
335 663 116 116 car 2 11.2126 2.13574 0.5
829
389 658 115 115 car 2 11.4126 2.1341 0.5
830
412 657 115 115 car 2 11.6126 2.13246 0.5
831
412 657 115 115 car 2 11.6126 2.13246 0.5
832
438 657 114 114 car 2 11.8126 2.13082 0.5
833
481 647 113 113 car 2 12.0126 2.12918 0.5
834
481 647 113 113 car 2 12.0126 2.12918 0.5
835
510 650 113 113 car 2 12.2126 2.12754 0.5
836
510 650 113 113 car 2 12.2126 2.12754 0.5
837
541 648 112 112 car 2 12.4126 2.12591 0.5
838
553 652 112 112 car 2 12.6126 2.12427 0.5
839
553 652 112 112 car 2 12.6126 2.12427 0.5
840
578 655 111 111 car 2 12.8126 2.12263 0.5
841
578 655 111 111 car 2 12.8126 2.12263 0.5
842
603 656 111 111 car 2 12.8126 2.12263 0.5
843
603 656 111 111 car 2 12.8126 2.12263 0.5
844
625 656 110 110 car 2 13.0126 2.12099 0.5
845
625 656 110 110 car 2 13.0126 2.12099 0.5
846
645 656 110 110 car 2 13.2126 2.11935 0.5
847
645 656 110 110 car 2 13.2126 2.11935 0.5
848
666 654 109 109 car 2 13.4126 2.11771 0.5
849
666 654 109 109 car 2 13.4126 2.11771 0.5
850
687 654 109 109 car 2 13.6126 2.11607 0.5
851
697 655 108 108 car 2 13.8126 2.11443 0.5
852
697 655 108 108 car 2 13.8126 2.11443 0.5
853
716 654 107 107 car 2 14.0126 2.11279 0.5
854
723 653 107 107 car 2 14.2126 2.11116 0.5
855
723 653 107 107 car 2 14.2126 2.11116 0.5
856
737 655 106 106 car 2 14.4126 2.10952 0.5
857
737 655 106 106 car 2 14.4126 2.10952 0.5
858
746 655 106 106 car 2 14.4126 2.10952 0.5
859
748 656 106 106 car 2 14.6125 2.10788 0.5
860
748 656 106 106 car 2 14.6125 2.10788 0.5
861
752 657 105 105 car 2 14.8125 2.10624 0.5
862
753 660 104 104 car 2 15.0125 2.1046 0.5
1470
454 603 93 93 cc 1 18.826 2.6154 0.5
1471
454 603 93 93 cc 1 18.826 2.6154 0.5
1472
509 612 93 93 cc 1 18.826 2.6154 0.5
1473
479 631 91 91 cc 1 19.38 2.61474 0.5
1474
479 631 91 91 cc 1 19.38 2.61474 0.5
1475
277 635 90 90 cc 1 19.934 2.61407 0.5
1476
248 637 88 88 cc 1 20.488 2.61341 0.5
1477
217 636 86 86 cc 1 21.042 2.61274 0.5
1478
217 636 86 86 cc 1 21.042 2.61274 0.5
1479
148 635 85 85 cc 1 21.5959 2.61208 0.5
1480
105 634 85 85 cc 1 21.5959 2.61208 0.5
1481
105 634 85 85 cc 1 21.5959 2.61208 0.5
1482
12 630 83 83 cc 1 22.1499 2.61141 0.5
1483
69 630 81 81 cc 1 22.7039 2.61075 0.5
1484
53 632 80 80 cc 1 23.2579 2.61008 0.5
1485
53 632 80 80 cc 1 23.2579 2.61008 0.5
1486
42 635 78 78 cc 1 23.8119 2.60942 0.5
1487
25 637 76 76 cc 1 24.3658 2.60875 0.5
1488
25 637 76 76 cc 1 24.3658 2.60875 0.5
1489
0 641 75 75 cc 1 24.9198 2.60809 0.5
1490
56 640 75 75 cc 1 24.9198 2.60809 0.5
1491
56 640 75 75 cc 1 24.9198 2.60809 0.5
1492
25 641 73 73 cc 1 25.4738 2.60742 0.5
1493
98 640 71 71 cc 1 26.0278 2.60676 0.5
1494
98 640 71 71 cc 1 26.0278 2.60676 0.5
1495
40 644 70 70 cc 1 26.5818 2.6061 0.5
