FRAME_ID
BOX_X BOX_Y WIDTH HEIGHT LABEL ID
824
271 628 245 160 car 1
825
271 628 245 160 car 1
826
337 637 245 160 car 1
827
337 637 245 160 car 1
828
385 645 245 160 car 1
829
406 647 245 160 car 1
830
406 647 245 160 car 1
831
442 651 245 160 car 1
832
442 651 245 160 car 1
833
478 651 245 160 car 1
834
478 651 245 160 car 1
835
504 654 245 160 car 1
836
504 654 245 160 car 1
837
530 655 245 160 car 1
838
540 658 245 160 car 1
839
540 658 245 160 car 1
840
562 661 245 160 car 1
841
562 661 245 160 car 1
842
583 661 245 160 car 1
843
583 661 245 160 car 1
844
602 660 245 160 car 1
845
602 660 245 160 car 1
846
620 659 245 160 car 1
847
620 659 245 160 car 1
848
639 656 245 160 car 1
849
647 656 245 160 car 1
850
647 656 245 160 car 1
851
666 656 245 160 car 1
852
666 656 245 160 car 1
853
683 655 245 160 car 1
854
683 655 245 160 car 1
855
696 656 245 160 car 1
856
696 656 245 160 car 1
857
706 659 245 160 car 1
858
706 659 245 160 car 1
859
710 656 245 160 car 1
860
711 657 245 160 car 1
861
711 657 245 160 car 1
862
713 660 245 160 car 1
863
713 660 245 160 car 1
864
714 656 245 160 car 1
865
714 656 245 160 car 1
866
716 656 245 160 car 1
915
410 607 146 148 car 2
916
437 608 146 148 car 2
917
437 608 146 148 car 2
918
480 613 146 148 car 2
919
480 613 146 148 car 2
920
515 616 146 148 car 2
921
532 617 146 148 car 2
922
532 617 146 148 car 2
923
561 627 146 148 car 2
924
561 627 146 148 car 2
925
576 624 146 148 car 2
926
556 622 146 148 car 2
927
556 622 146 148 car 2
1032
494 642 155 104 car 3
1033
525 644 155 104 car 3
1034
525 644 155 104 car 3
1035
576 645 155 104 car 3
1036
598 651 155 104 car 3
1037
598 651 155 104 car 3
1038
638 657 155 104 car 3
1039
638 657 155 104 car 3
1040
671 657 155 104 car 4 
1041
685 656 155 104 car 4
1042
685 656 155 104 car 4
1043
710 656 155 104 car 4
1044
720 658 155 104 car 4
1045
720 658 155 104 car 4
1046
738 658 155 104 car 4
1047
738 658 155 104 car 4
1048
752 656 155 104 car 4
1049
758 657 155 104 car 4
1050
758 657 155 104 car 4
1051
768 660 155 104 car 4
1052
772 660 155 104 car 4
1053
772 660 155 104 car 4
1054
783 659 155 104 car 4
1055
783 659 155 104 car 4
1056
793 660 155 104 car 4
1057
796 659 155 104 car 4
1058
796 659 155 104 car 4
1059
802 657 155 104 car 4
1060
805 659 155 104 car 4
1061
805 659 155 104 car 4
1062
807 660 155 104 car 4
1063
807 660 155 104 car 4
1064
808 658 155 104 car 4
1065
808 658 155 104 car 4
1066
808 658 155 104 car 4
1067
807 657 155 104 car 4
1068
806 659 155 104 car 4
1069
806 659 155 104 car 4
1070
806 660 155 104 car 4
1071
807 655 155 104 car 4
1072
807 655 155 104 car 4
1073
808 658 155 104 car 4
1074
808 658 155 104 car 4
1075
810 656 155 104 car 4
1076
810 660 155 104 car 4
1077
810 660 155 104 car 4
1078
812 656 155 104 car 4
1079
813 657 155 104 car 4
1080
813 657 155 104 car 4
1081
814 663 155 104 car 4
1082
814 663 155 104 car 4
1083
815 663 155 104 car 4
1084
816 662 155 104 car 4
1142
482 584 152 150 van 5
1143
512 589 152 150 van 5
1144
512 589 152 150 van 5
1145
558 599 152 150 van 5
1146
558 599 152 150 van 5
1147
591 606 152 150 van 5
1148
604 609 152 150 van 5
1149
604 609 152 150 van 5
1150
627 615 152 150 van 5
1151
627 615 152 150 van 5
1152
646 616 152 150 van 5
1153
653 619 152 150 van 5
1154
653 619 152 150 van 5
1155
665 616 152 150 van 5
1156
669 619 152 150 van 5
1157
669 619 152 150 van 5
1158
675 617 152 150 van 5
1159
675 617 152 150 van 5
1160
679 617 152 150 van 5
1161
680 618 152 150 van 5
1162
680 618 152 150 van 5
1163
681 617 152 150 van 5
1164
681 617 152 150 van 5
1165
683 616 152 150 van 5
1166
683 619 152 150 van 5
1245
433 623 222 123 car 6
1246
451 624 222 123 car 6
1247
451 624 222 123 car 6
1248
486 628 222 123 car 6
1249
504 630 222 123 car 6
1250
504 630 222 123 car 6
1251
540 631 222 123 car 6
1252
556 637 222 123 car 6
1253
556 637 222 123 car 6
1254
589 639 222 123 car 6
1255
589 639 222 123 car 6
1256
620 639 222 123 car 6
1257
631 642 222 123 car 6
1258
631 642 222 123 car 6
1259
651 643 222 123 car 6
1260
663 640 222 123 car 6
1261
663 640 222 123 car 6
1262
682 642 222 123 car 6
1263
688 642 222 123 car 6
1264
688 642 222 123 car 6
1265
689 641 222 123 car 6
1266
690 646 222 123 car 6
1267
690 646 222 123 car 6
1268
690 642 222 123 car 6
1269
690 642 222 123 car 6
1270
689 645 222 123 car 6
1271
688 645 222 123 car 6
1272
688 645 222 123 car 6
1273
687 649 222 123 car 6
1274
686 648 222 123 car 6
1275
686 648 222 123 car 6
1276
684 649 222 123 car 6
1277
682 649 222 123 car 6
1278
682 649 222 123 car 6
1279
678 649 222 123 car 6
1280
678 649 222 123 car 6
1281
674 655 222 123 car 6
1282
671 653 222 123 car 6
1283
671 653 222 123 car 6
1284
669 653 222 123 car 6
1285
670 652 222 123 car 6
1286
670 652 222 123 car 6
1287
670 651 222 123 car 6
1288
671 651 222 123 car 6
1289
671 651 222 123 car 6
1290
672 650 222 123 car 6
1291
674 651 222 123 car 6
1292
674 651 222 123 car 6
1293
678 655 222 123 car 6
1294
680 654 222 123 car 6
1295
680 654 222 123 car 6
1296
685 653 222 123 car 6
1297
687 651 222 123 car 6
1298
687 651 222 123 car 6
1299
689 648 222 123 car 6
1300
689 648 222 123 car 6
1301
680 653 222 123 car 6
1302
675 652 222 123 car 6
1303
675 652 222 123 car 6
1304
662 649 222 123 car 6
1305
657 649 222 123 car 6
1306
657 649 222 123 car 6
1307
636 650 222 123 car 6
1468
283 672 312 162 car 7
1469
329 666 312 162 car 7
1470
329 666 312 162 car 7
1471
365 672 312 162 car 7
1472
384 672 312 162 car 7
1473
407 671 312 162 car 7
1474
407 671 312 162 car 7
1475
436 670 312 162 car 7
1476
445 672 312 162 car 7
1477
445 672 312 162 car 7
1478
463 671 312 162 car 7
1479
469 671 312 162 car 7
1480
469 671 312 162 car 7
1481
478 671 312 162 car 7
1482
478 669 312 162 car 7
