FRAME_ID
BOX_X BOX_Y WIDTH HEIGHT LABEL ID 3D_X 3D_Y 3D_Z
211
371 534 317 317 DontCare 1 14.3154 2.93277 0.5
212
371 534 317 317 DontCare 1 14.3154 2.93277 0.5
213
371 534 317 317 DontCare 1 14.3154 2.93277 0.5
214
143 497 390 390 DontCare 1 8.28901 2.92512 0.5
215
322 542 301 301 DontCare 1 15.3931 3.82009 0.5
234
349 539 306 306 car 2 15.1118 3.40212 0.5
235
300 524 336 336 car 2 12.6564 3.18113 0.5
236
300 524 336 336 car 2 12.6564 3.18113 0.5
237
114 497 390 390 car 2 8.20708 3.0914 0.5
238
114 497 390 390 car 2 8.20708 3.0914 0.5
239
144 498 389 389 car 2 8.35466 2.94877 0.5
240
144 498 389 389 car 2 8.355 2.94844 0.5
241
144 498 389 389 car 2 8.355 2.94844 0.5
242
144 498 389 389 car 2 8.35533 2.94812 0.5
255
277 513 359 359 sign 3 10.8685 2.82622 0.5
256
199 502 381 381 sign 3 9.05841 2.82937 0.5
257
199 502 381 381 sign 3 9.05841 2.82937 0.5
258
368 540 304 304 sign 4 15.2822 3.23091 0.5
272
442 559 267 267 sign 4 18.3249 3.12822 0.5
273
422 546 292 292 sign 4 16.3597 2.87288 0.5
274
367 533 318 318 sign 4 14.1886 2.93995 0.5
275
309 521 343 343 sign 4 12.178 2.9493 0.5
276
219 505 374 374 sign 4 9.60895 2.87559 0.5
277
219 505 374 374 sign 4 9.60895 2.87559 0.5
278
219 505 374 374 sign 4 9.60895 2.87559 0.5
279
135 500 385 385 sign 4 8.6281 3.12299 0.5
304
431 558 268 268 sign 5 18.2518 3.25621 0.5
305
378 544 297 297 sign 5 15.8338 3.28015 0.5
306
357 535 315 315 sign 5 14.3998 3.11288 0.5
307
300 518 348 348 sign 5 11.7876 2.90373 0.5
308
213 507 371 371 sign 5 9.83229 3.00074 0.5
309
126 497 391 391 sign 5 8.15456 2.99272 0.5
317
375 538 308 308 sign 6 14.9874 3.07718 0.5
318
331 529 327 327 sign 6 13.4739 3.11812 0.5
319
263 513 358 358 sign 6 10.9445 2.9686 0.5
320
171 505 374 374 sign 6 9.50049 3.19751 0.5
321
171 505 374 374 sign 6 9.50049 3.19751 0.5
322
389 544 297 297 sign 6 15.9168 3.17283 0.5
323
356 522 340 340 sign 6 12.5049 2.58848 0.5
324
356 522 340 340 sign 6 12.5049 2.58848 0.5
325
237 506 373 373 sign 6 9.71177 2.77335 0.5
326
237 506 373 373 sign 6 9.71177 2.77335 0.5
327
237 506 373 373 sign 6 9.71177 2.77335 0.5
328
162 497 391 391 sign 6 8.23025 2.77791 0.5
329
116 497 391 391 sign 6 8.15664 3.05748 0.5
330
47 497 390 390 sign 6 8.05022 3.48452 0.5
331
7 498 389 389 sign 6 7.98733 3.73685 0.5
332
-32 498 389 389 sign 6 7.92445 3.98918 0.5
337
478 552 280 280 misc 7 17.3819 2.42353 0.5
338
421 544 297 297 misc 7 15.9274 2.79052 0.5
339
337 533 318 318 misc 7 14.1612 3.25309 0.5
340
322 523 338 338 misc 7 12.5904 2.94407 0.5
341
174 516 353 353 misc 7 11.0951 3.80681 0.5
342
174 504 377 377 misc 7 9.30645 3.10261 0.5
343
174 504 377 377 misc 7 9.30645 3.10261 0.5
344
117 499 387 387 misc 7 8.40826 3.16034 0.5
345
126 505 375 375 misc 7 9.32849 3.4844 0.5
346
9 497 391 391 misc 7 7.84724 3.65531 0.5
347
-145 489 407 407 misc 7 6.36599 3.82623 0.5
382
813 559 267 267 DontCare 8 18.5323 -1.80486 0.5
383
813 559 267 267 DontCare 8 18.5323 -1.80486 0.5
384
766 537 310 310 DontCare 9 15.1319 -1.20752 0.5
396
766 537 310 310 DontCare 9 15.1319 -1.20752 0.5
397
766 537 310 310 DontCare 9 15.1319 -1.20752 0.5
415
379 555 275 275 DontCare 10 17.5611 3.77004 0.5
416
327 540 304 304 DontCare 10 15.1717 3.68229 0.5
417
279 531 322 322 DontCare 10 13.6791 3.72888 0.5
418
279 531 322 322 DontCare 10 13.6791 3.72888 0.5
419
223 516 353 353 DontCare 10 11.2021 3.41146 0.5
420
869 557 300 300 car 11 32.9534 -3.87168 0.5
426
905 526 300 300 car 11 32.9534 -3.87168 0.5
427
905 526 300 300 car 11 32.9534 -3.87168 0.5
428
905 526 300 300 car 11 32.9534 -3.87168 0.5
429
894 544 300 300 car 11 32.9534 -3.87168 0.5
430
894 544 300 300 car 11 32.9534 -3.87168 0.5
431
878 542 300 300 car 11 32.9534 -3.87168 0.5
432
878 542 300 300 car 11 32.9534 -3.87168 0.5
433
405 544 297 297 DontCare 12 15.9027 2.97424 0.5
450
137 497 391 391 DontCare 12 8.20085 2.93431 0.5
451
160 496 392 392 DontCare 12 8.14854 2.75616 0.5
452
160 496 392 392 DontCare 12 8.14842 2.75574 0.5
453
160 496 392 392 DontCare 12 8.14842 2.75574 0.5
454
152 496 392 392 DontCare 12 8.11848 2.80326 0.5
455
132 496 392 392 DontCare 12 8.08521 2.91927 0.5
456
134 496 392 392 DontCare 12 8.08101 2.90255 0.5
457
147 496 392 392 DontCare 12 8.14952 2.84462 0.5
458
139 496 392 392 DontCare 12 8.11425 2.88681 0.5
459
126 496 392 392 DontCare 12 8.07327 2.95314 0.5
460
123 496 392 392 DontCare 12 8.063 2.97052 0.5
461
126 497 391 391 DontCare 12 8.11423 2.97324 0.5
462
125 497 391 391 DontCare 12 8.14325 2.99343 0.5
463
124 497 391 391 DontCare 12 8.1356 2.99688 0.5
464
115 497 391 391 DontCare 12 8.12153 3.05179 0.5
465
108 497 391 391 DontCare 12 8.11062 3.09362 0.5
466
104 497 391 391 DontCare 12 8.10031 3.11701 0.5
467
100 497 391 391 DontCare 12 8.08867 3.13644 0.5
468
100 497 391 391 DontCare 12 8.07493 3.13384 0.5
469
104 497 391 391 DontCare 12 8.1064 3.12215 0.5
470
107 497 391 391 DontCare 12 8.13248 3.11201 0.5
471
107 497 391 391 DontCare 12 8.13248 3.11201 0.5
472
118 497 391 391 DontCare 12 8.13154 3.038 0.5
473
132 497 391 391 DontCare 12 8.17839 2.96322 0.5
474
134 497 391 391 DontCare 12 8.16117 2.9373 0.5
475
143 497 391 391 DontCare 12 8.1591 2.87794 0.5
476
134 496 392 392 DontCare 12 8.1289 2.92452 0.5
477
138 496 392 392 DontCare 12 8.13109 2.89671 0.5
478
130 497 391 391 DontCare 12 8.12465 2.95241 0.5
479
135 497 391 391 DontCare 12 8.13457 2.92547 0.5
480
136 496 392 392 DontCare 12 8.1323 2.90998 0.5
481
140 496 392 392 DontCare 12 8.13791 2.88755 0.5
482
142 496 392 392 DontCare 12 8.12278 2.86988 0.5
483
145 496 392 392 DontCare 12 8.11851 2.84502 0.5
484
152 496 392 392 DontCare 12 8.12037 2.80178 0.5
485
149 496 392 392 DontCare 12 8.10994 2.8197 0.5
486
149 496 392 392 DontCare 12 8.10994 2.8197 0.5
487
146 496 392 392 DontCare 12 8.09313 2.83321 0.5
488
147 496 392 392 DontCare 12 8.1051 2.8283 0.5
489
147 496 392 392 DontCare 12 8.10363 2.82904 0.5
490
144 496 392 392 DontCare 12 8.11152 2.84882 0.5
491
141 496 392 392 DontCare 12 8.11774 2.87058 0.5
492
147 496 392 392 DontCare 12 8.12672 2.83867 0.5
493
149 496 392 392 DontCare 12 8.1345 2.82646 0.5
494
149 496 392 392 DontCare 12 8.13119 2.82452 0.5
495
152 496 392 392 DontCare 12 8.12918 2.80191 0.5
496
158 496 392 392 DontCare 12 8.13053 2.76406 0.5
497
158 496 392 392 DontCare 12 8.12286 2.76353 0.5
498
157 496 392 392 DontCare 12 8.1276 2.76807 0.5
499
157 496 392 392 DontCare 12 8.1276 2.76807 0.5
500
157 496 392 392 DontCare 12 8.12264 2.76823 0.5
501
158 496 392 392 DontCare 12 8.12613 2.76135 0.5
502
160 496 392 392 DontCare 12 8.11639 2.7476 0.5
503
644 614 300 300 DontCare 13 33.7875 2.99512 0.5
504
644 614 300 300 DontCare 13 33.7875 2.99512 0.5
505
677 609 300 300 DontCare 13 33.7875 2.99512 0.5
506
677 609 300 300 DontCare 13 33.7875 2.99512 0.5
507
677 609 300 300 DontCare 13 33.7875 2.99512 0.5
508
740 607 300 300 DontCare 13 33.7875 2.99512 0.5
509
740 607 300 300 DontCare 13 33.7875 2.99512 0.5
510
786 609 300 300 DontCare 13 33.7875 2.99512 0.5
511
786 609 300 300 DontCare 13 33.7875 2.99512 0.5
512
835 608 300 300 DontCare 13 33.7875 2.99512 0.5
513
835 608 300 300 DontCare 13 33.7875 2.99512 0.5
514
835 608 300 300 DontCare 13 33.7875 2.99512 0.5
515
919 601 300 300 DontCare 13 33.7875 2.99512 0.5
516
919 601 300 300 DontCare 13 33.7875 2.99512 0.5
517
985 593 300 300 DontCare 13 33.7875 2.99512 0.5
518
985 593 300 300 DontCare 13 33.7875 2.99512 0.5
519
1058 603 300 300 DontCare 13 33.7875 2.99512 0.5
520
1058 603 300 300 DontCare 13 33.7875 2.99512 0.5
521
1058 603 300 300 DontCare 13 33.7875 2.99512 0.5
522
1199 604 300 300 DontCare 13 33.7875 2.99512 0.5
523
1199 604 300 300 DontCare 13 33.7875 2.99512 0.5
524
1324 611 300 300 DontCare 13 33.7875 2.99512 0.5
525
1324 611 300 300 DontCare 13 33.7875 2.99512 0.5
526
1135 602 300 300 DontCare 13 33.7875 2.99512 0.5
527
1135 602 300 300 DontCare 13 33.7875 2.99512 0.5
528
1135 602 300 300 DontCare 13 33.7875 2.99512 0.5
529
1035 612 300 300 DontCare 13 33.7875 2.99512 0.5
530
1035 612 300 300 DontCare 13 33.7875 2.99512 0.5
531
1083 604 300 300 DontCare 13 33.7875 2.99512 0.5
532
1083 604 300 300 DontCare 13 33.7875 2.99512 0.5
533
173 496 393 393 DontCare 13 8.11881 2.66475 0.5
542
174 496 393 393 DontCare 13 8.1187 2.65876 0.5
543
175 496 393 393 DontCare 13 8.11859 2.65278 0.5
544
176 496 393 393 DontCare 13 8.11848 2.64679 0.5
545
177 496 393 393 DontCare 13 8.11837 2.6408 0.5
546
178 496 393 393 DontCare 13 8.11825 2.63481 0.5
547
178 496 393 393 DontCare 13 8.11814 2.62883 0.5
548
179 496 393 393 DontCare 13 8.11803 2.62284 0.5
549
180 496 393 393 DontCare 13 8.11792 2.61685 0.5
550
181 496 393 393 DontCare 13 8.11781 2.61087 0.5
551
182 496 393 393 DontCare 13 8.1177 2.60488 0.5
552
183 496 393 393 DontCare 13 8.11758 2.59889 0.5
553
183 496 393 393 DontCare 13 8.11758 2.59889 0.5
554
184 496 393 393 DontCare 13 8.11747 2.5929 0.5
555
185 496 393 393 DontCare 13 8.11736 2.58692 0.5
556
186 496 393 393 DontCare 13 8.11725 2.58093 0.5
557
187 496 393 393 DontCare 13 8.11714 2.57494 0.5
558
188 496 393 393 DontCare 13 8.11703 2.56896 0.5
559
189 496 393 393 DontCare 13 8.11691 2.56297 0.5
560
190 496 393 393 DontCare 13 8.1168 2.55698 0.5
561
191 496 393 393 DontCare 13 8.11669 2.55099 0.5
562
191 496 393 393 DontCare 13 8.11658 2.54501 0.5
563
192 496 393 393 DontCare 13 8.11647 2.53902 0.5
564
193 496 393 393 DontCare 13 8.11636 2.53303 0.5
565
194 496 393 393 DontCare 13 8.11625 2.52705 0.5
566
64 493 398 398 DontCare 13 7.5363 3.12662 0.5
567
64 493 398 398 DontCare 13 7.5363 3.12662 0.5
568
35 491 403 403 DontCare 13 7.10568 3.10942 0.5
569
56 492 401 401 DontCare 13 7.26575 3.06006 0.5
570
31 490 405 405 DontCare 13 6.90592 3.03921 0.5
571
25 491 402 402 DontCare 13 7.1236 3.17759 0.5
572
3 490 405 405 DontCare 13 6.83713 3.17663 0.5
573
31 490 404 404 DontCare 13 7.01935 3.09162 0.5
574
17 489 406 406 DontCare 13 6.81785 3.08049 0.5
575
2 488 408 408 DontCare 13 6.61635 3.06936 0.5
576
50 492 401 401 DontCare 13 7.28119 3.09959 0.5
577
50 492 401 401 DontCare 13 7.25932 3.0932 0.5
578
204 495 394 394 DontCare 13 8.11491 2.4552 0.5
579
205 495 394 394 DontCare 13 8.11479 2.44921 0.5
580
122 496 393 393 DontCare 13 7.99375 2.94862 0.5
581
123 496 393 393 DontCare 13 7.98013 2.93843 0.5
582
124 496 393 393 DontCare 13 7.96651 2.92825 0.5
583
124 495 394 394 DontCare 13 7.95289 2.91806 0.5
584
124 495 394 394 DontCare 13 7.95289 2.91806 0.5
585
125 495 394 394 DontCare 13 7.93927 2.90788 0.5
586
125 495 394 394 DontCare 13 7.92565 2.89769 0.5
587
136 495 394 394 DontCare 13 7.98165 2.85187 0.5
588
127 496 392 392 DontCare 13 8.1049 2.95835 0.5
589
133 496 392 392 DontCare 13 8.11925 2.9271 0.5
590
134 496 392 392 DontCare 13 8.1217 2.92088 0.5
591
135 496 392 392 DontCare 13 8.12416 2.91465 0.5
592
136 496 392 392 DontCare 13 8.12661 2.90842 0.5
593
137 496 392 392 DontCare 13 8.12907 2.90219 0.5
594
138 496 392 392 DontCare 13 8.13153 2.89596 0.5
595
141 497 391 391 DontCare 13 8.17813 2.90167 0.5
596
168 500 385 385 DontCare 13 8.64816 2.89823 0.5
597
174 500 385 385 DontCare 13 8.66591 2.8664 0.5
598
181 500 385 385 DontCare 13 8.67889 2.82265 0.5
599
181 500 385 385 DontCare 13 8.67889 2.82265 0.5
600
176 499 386 386 DontCare 13 8.60114 2.82139 0.5
601
180 499 386 386 DontCare 13 8.6302 2.80694 0.5
602
173 501 383 383 DontCare 13 8.87967 2.94667 0.5
603
179 503 379 379 DontCare 13 9.16969 3.01389 0.5
604
195 505 375 375 DontCare 13 9.50881 3.02004 0.5
605
201 506 373 373 DontCare 13 9.65226 3.03058 0.5
606
171 508 369 369 DontCare 13 9.87484 3.34943 0.5
607
204 507 371 371 DontCare 13 9.7994 3.05777 0.5
608
174 507 371 371 DontCare 13 9.77426 3.28571 0.5
609
175 506 373 373 DontCare 13 9.62929 3.22114 0.5
610
177 506 373 373 DontCare 13 9.56865 3.18541 0.5
611
177 506 373 373 DontCare 13 9.56865 3.18541 0.5
612
178 505 374 374 DontCare 13 9.50801 3.14967 0.5
613
180 505 375 375 DontCare 13 9.44736 3.11393 0.5
614
226 513 358 358 DontCare 13 10.8321 3.2478 0.5
615
229 514 356 356 DontCare 13 10.9686 3.26686 0.5
616
233 515 355 355 DontCare 13 11.105 3.28591 0.5
617
247 518 348 348 DontCare 13 11.6168 3.34011 0.5
618
247 519 346 346 DontCare 13 11.8169 3.40655 0.5
619
22 499 386 386 DontCare 13 8.25372 3.76046 0.5
620
256 522 341 341 DontCare 13 12.2094 3.4559 0.5
621
261 523 338 338 DontCare 13 12.4056 3.48057 0.5
622
265 524 336 336 DontCare 13 12.6019 3.50525 0.5
623
269 525 334 334 DontCare 13 12.7981 3.52992 0.5
624
274 527 331 331 DontCare 13 12.9944 3.5546 0.5
625
278 528 329 329 DontCare 13 13.1906 3.57927 0.5
626
281 529 326 326 DontCare 13 13.3869 3.60394 0.5
627
281 529 326 326 DontCare 13 13.3869 3.60394 0.5
628
285 530 324 324 DontCare 13 13.5831 3.62862 0.5
629
290 532 321 321 DontCare 13 13.7794 3.65329 0.5
630
288 531 322 322 DontCare 13 13.7358 3.6484 0.5
631
279 523 340 340 DontCare 13 12.3675 3.2994 0.5
632
218 511 362 362 DontCare 13 10.5133 3.2017 0.5
633
157 499 387 387 DontCare 13 8.49394 2.91434 0.5
634
183 498 388 388 DontCare 13 8.46313 2.7224 0.5
635
137 497 390 390 DontCare 13 8.26806 2.95609 0.5
636
108 497 391 391 DontCare 13 8.11366 3.09754 0.5
637
119 497 391 391 DontCare 13 8.16948 3.04619 0.5
638
98 497 390 390 DontCare 13 8.14442 3.17496 0.5
639
75 497 390 390 DontCare 13 8.08367 3.30899 0.5
640
75 497 391 391 DontCare 13 8.05245 3.29141 0.5
641
75 497 391 391 DontCare 13 8.05245 3.29141 0.5
642
62 497 391 391 DontCare 13 8.00619 3.36229 0.5
643
49 497 391 391 DontCare 13 7.95994 3.43317 0.5
644
35 497 391 391 DontCare 13 7.91369 3.50405 0.5
645
118 496 393 393 DontCare 13 7.97636 2.97448 0.5
646
101 494 397 397 DontCare 13 7.61786 2.93194 0.5
647
82 491 402 402 DontCare 13 7.25936 2.88941 0.5
648
63 489 406 406 DontCare 13 6.90087 2.84687 0.5
649
42 487 411 411 DontCare 13 6.54237 2.80433 0.5
650
19 485 415 415 DontCare 13 6.18387 2.76179 0.5
651
-6 483 419 419 DontCare 13 5.82537 2.71926 0.5
652
356 553 279 279 DontCare 13 17.2197 3.9684 0.5
653
129 507 371 371 DontCare 13 9.66102 3.6001 0.5
654
161 511 362 362 DontCare 13 10.4017 3.63946 0.5
655
98 500 385 385 DontCare 13 8.5449 3.35516 0.5
656
97 499 386 386 DontCare 13 8.4799 3.32964 0.5
657
97 499 386 386 DontCare 13 8.47975 3.32958 0.5
658
97 499 386 386 DontCare 13 8.47975 3.32958 0.5
659
106 498 388 388 DontCare 13 8.33911 3.19938 0.5
660
113 498 389 389 DontCare 13 8.23525 3.11522 0.5
661
118 497 391 391 DontCare 13 8.149 3.04028 0.5
662
85 498 389 389 DontCare 13 8.18545 3.28884 0.5
663
79 497 390 390 DontCare 13 8.13223 3.30099 0.5
664
74 497 390 390 DontCare 13 8.07901 3.31315 0.5
665
69 497 391 391 DontCare 13 8.0258 3.3253 0.5
666
64 497 391 391 DontCare 13 7.97258 3.33745 0.5
667
57 496 392 392 DontCare 13 7.91936 3.3496 0.5
668
387 567 251 251 DontCare 13 19.4538 4.2335 0.5
669
212 517 350 350 DontCare 13 11.4295 3.58999 0.5
670
174 504 376 376 DontCare 13 9.36177 3.12637 0.5
671
108 497 390 390 DontCare 13 8.17502 3.11955 0.5
672
83 497 390 390 DontCare 13 8.13606 3.2736 0.5
673
83 497 390 390 DontCare 13 8.13597 3.27396 0.5
674
83 497 390 390 DontCare 13 8.13597 3.27396 0.5
675
95 497 391 391 DontCare 13 8.07432 3.16584 0.5
676
126 497 391 391 DontCare 13 8.17789 2.99988 0.5
677
135 497 390 390 DontCare 13 8.23695 2.96086 0.5
678
137 497 391 391 DontCare 13 8.18906 2.93115 0.5
679
135 497 391 391 DontCare 13 8.138 2.92802 0.5
680
137 496 392 392 DontCare 13 8.13027 2.9046 0.5
681
134 496 392 392 DontCare 13 8.10824 2.91329 0.5
682
143 496 393 393 DontCare 13 8.0554 2.83451 0.5
683
149 496 393 393 DontCare 13 8.04161 2.79093 0.5
684
116 496 393 393 DontCare 13 8.00405 2.99505 0.5
685
109 496 392 392 DontCare 13 8.06506 3.06273 0.5
686
96 497 390 390 DontCare 13 8.13805 3.18492 0.5
687
111 498 388 388 DontCare 13 8.30496 3.1561 0.5
688
111 498 388 388 DontCare 13 8.30496 3.1561 0.5
689
116 498 389 389 DontCare 13 8.29264 3.11924 0.5
690
125 498 389 389 DontCare 13 8.29771 3.05729 0.5
691
134 498 389 389 DontCare 13 8.28841 2.99267 0.5
692
139 497 390 390 DontCare 13 8.28153 2.94728 0.5
693
146 497 390 390 DontCare 13 8.2739 2.90137 0.5
694
143 497 390 390 DontCare 13 8.25584 2.91355 0.5
695
141 497 390 390 DontCare 13 8.23999 2.92466 0.5
696
133 497 390 390 DontCare 13 8.21818 2.96511 0.5
697
135 497 390 390 DontCare 13 8.22108 2.95831 0.5
698
136 497 390 390 DontCare 13 8.22399 2.95151 0.5
699
137 497 390 390 DontCare 13 8.22689 2.9447 0.5
700
138 497 390 390 DontCare 13 8.22979 2.9379 0.5
701
139 497 390 390 DontCare 13 8.2327 2.93109 0.5
702
139 497 390 390 DontCare 13 8.2327 2.93109 0.5
703
140 497 390 390 DontCare 13 8.2356 2.92429 0.5
704
142 497 390 390 DontCare 13 8.2385 2.91749 0.5
705
143 497 390 390 DontCare 13 8.2414 2.91068 0.5
706
144 497 390 390 DontCare 13 8.24431 2.90388 0.5
707
145 497 390 390 DontCare 13 8.24721 2.89708 0.5
708
146 497 390 390 DontCare 13 8.25011 2.89027 0.5
709
148 497 390 390 DontCare 13 8.25302 2.88347 0.5
710
149 497 390 390 DontCare 13 8.25592 2.87666 0.5
711
150 497 390 390 DontCare 13 8.25882 2.86986 0.5
712
151 497 390 390 DontCare 13 8.26173 2.86306 0.5
713
152 497 390 390 DontCare 13 8.26463 2.85625 0.5
714
153 497 390 390 DontCare 13 8.26753 2.84945 0.5
715
155 497 390 390 DontCare 13 8.27043 2.84265 0.5
716
156 497 390 390 DontCare 13 8.27334 2.83584 0.5
717
156 497 390 390 DontCare 13 8.27334 2.83584 0.5
718
157 497 390 390 DontCare 13 8.27624 2.82904 0.5
719
158 497 390 390 DontCare 13 8.27914 2.82223 0.5
720
89 508 368 368 DontCare 13 9.74403 3.95935 0.5
721
72 508 368 368 DontCare 13 9.66741 4.06471 0.5
722
55 508 369 369 DontCare 13 9.59079 4.17008 0.5
723
-94 506 373 373 DontCare 13 8.79082 4.99729 0.5
724
-155 504 377 377 DontCare 13 8.2924 5.18626 0.5
725
-218 502 381 381 DontCare 13 7.79399 5.37523 0.5
726
-287 500 385 385 DontCare 13 7.29558 5.5642 0.5
727
-359 498 388 388 DontCare 13 6.79716 5.75317 0.5
728
-435 497 391 391 DontCare 13 6.29875 5.94214 0.5
729
-517 495 394 394 DontCare 13 5.80034 6.13112 0.5
730
-601 494 396 396 DontCare 13 5.30192 6.32009 0.5
731
-688 493 398 398 DontCare 13 4.80351 6.50906 0.5
732
-779 492 400 400 DontCare 13 4.3051 6.69803 0.5
733
-871 492 401 401 DontCare 13 3.80668 6.887 0.5
734
-150 507 371 371 DontCare 13 8.69033 5.41807 0.5
735
-168 506 372 372 DontCare 13 8.6164 5.52221 0.5
736
-168 506 372 372 DontCare 13 8.6164 5.52221 0.5
737
-185 506 372 372 DontCare 13 8.54247 5.62635 0.5
738
-202 506 372 372 DontCare 13 8.46854 5.73048 0.5
739
-219 506 372 372 DontCare 13 8.39461 5.83462 0.5
740
-237 506 372 372 DontCare 13 8.32067 5.93876 0.5
741
-254 506 372 372 DontCare 13 8.24674 6.0429 0.5
742
-271 506 372 372 DontCare 13 8.17281 6.14703 0.5
743
-289 506 372 372 DontCare 13 8.09888 6.25117 0.5
744
-306 506 372 372 DontCare 13 8.02495 6.35531 0.5
817
238 495 394 394 car 14 8.10658 2.23863 0.5
818
250 495 395 395 car 14 8.06793 2.15255 0.5
819
269 496 392 392 car 14 8.36898 2.12059 0.5
820
273 497 390 390 car 14 8.48142 2.12671 0.5
821
289 497 391 391 car 14 8.41858 2.00814 0.5
822
228 496 393 393 car 14 8.16469 2.32917 0.5
823
204 497 390 390 car 14 8.35107 2.54154 0.5
824
205 500 385 385 car 14 8.74597 2.67916 0.5
825
221 503 378 378 car 14 9.30109 2.74982 0.5
826
241 507 371 371 car 14 9.92772 2.81291 0.5
827
257 510 364 364 car 14 10.4923 2.87108 0.5
828
271 514 356 356 car 14 11.0727 2.9406 0.5
829
296 518 348 348 car 14 11.7958 2.94312 0.5
830
296 518 348 348 car 14 11.7958 2.94312 0.5
831
321 523 339 339 car 14 12.4631 2.92141 0.5
832
348 528 329 329 car 14 13.3581 2.91242 0.5
833
370 533 318 318 car 14 14.2218 2.91808 0.5
834
390 539 307 307 car 14 15.1184 2.94125 0.5
835
411 544 296 296 car 14 16.0023 2.92254 0.5
836
435 550 285 285 car 14 16.9098 2.86432 0.5
837
451 555 274 274 car 14 17.8174 2.86683 0.5
838
461 559 266 266 car 14 18.4901 2.89703 0.5
839
471 564 257 257 car 14 19.1629 2.92722 0.5
840
480 568 249 249 car 14 19.8357 2.95742 0.5
841
489 572 240 240 car 14 20.5084 2.98761 0.5
842
497 576 232 232 car 14 21.1812 3.0178 0.5
843
506 580 224 224 car 14 21.8539 3.048 0.5
844
514 585 215 215 car 14 22.5267 3.07819 0.5
845
522 589 207 207 car 14 23.1995 3.10838 0.5
846
529 593 199 199 car 14 23.8722 3.13858 0.5
847
537 597 190 190 car 14 24.545 3.16877 0.5
848
537 597 190 190 car 14 24.545 3.16877 0.5
849
544 601 182 182 car 14 25.2177 3.19897 0.5
850
552 606 173 173 car 14 25.8905 3.22916 0.5
851
559 610 165 165 car 14 26.5633 3.25935 0.5
852
565 614 157 157 car 14 27.236 3.28955 0.5
853
572 618 148 148 car 14 27.9088 3.31974 0.5
854
578 622 140 140 car 14 28.5815 3.34993 0.5
855
585 627 131 131 car 14 29.2543 3.38013 0.5
856
592 631 123 123 car 14 29.9271 3.41032 0.5
857
598 635 115 115 car 14 30.5998 3.44052 0.5
906
138 496 393 393 car 15 8.04407 2.8688 0.5
907
178 498 389 389 car 15 8.3757 2.72979 0.5
908
190 497 390 390 car 15 8.33468 2.62695 0.5
909
209 497 391 391 car 15 8.34236 2.50892 0.5
910
167 499 386 386 car 15 8.63362 2.89218 0.5
911
173 504 377 377 car 15 9.27716 3.10198 0.5
912
170 506 373 373 car 15 9.56394 3.23946 0.5
913
226 514 357 357 car 15 10.9334 3.28483 0.5
914
274 521 342 342 car 15 12.1572 3.26843 0.5
915
310 529 327 327 car 15 13.3848 3.30728 0.5
916
339 536 313 313 car 15 14.5582 3.3557 0.5
917
367 543 298 298 car 15 15.7838 3.3889 0.5
918
439 550 284 284 car 15 16.9953 2.82498 0.5
919
419 558 268 268 car 15 18.1927 3.40316 0.5
920
434 564 256 256 car 15 19.1619 3.45795 0.5
921
448 570 244 244 car 15 20.1312 3.51274 0.5
922
461 576 232 232 car 15 21.1005 3.56753 0.5
923
461 576 232 232 car 15 21.1005 3.56753 0.5
924
474 582 220 220 car 15 22.0697 3.62232 0.5
925
486 588 208 208 car 15 23.039 3.67711 0.5
926
498 594 196 196 car 15 24.0083 3.7319 0.5
927
509 600 184 184 car 15 24.9775 3.78669 0.5
928
520 606 172 172 car 15 25.9468 3.84148 0.5
929
530 612 160 160 car 15 26.9161 3.89626 0.5
930
542 619 147 147 car 15 27.8853 3.95105 0.5
931
551 625 135 135 car 15 28.8546 4.00584 0.5
932
561 631 123 123 car 15 29.8239 4.06063 0.5
1023
226 495 394 394 car 16 8.13481 2.32302 0.5
1024
257 495 394 394 car 16 8.14484 2.13533 0.5
1025
235 495 395 395 car 16 8.06953 2.24887 0.5
1026
188 495 395 395 car 16 7.95902 2.50895 0.5
1027
176 496 392 392 car 16 8.15581 2.65936 0.5
1028
176 496 392 392 car 16 8.15581 2.65936 0.5
1029
225 500 385 385 car 16 8.76593 2.54596 0.5
1030
225 501 382 382 car 16 8.98712 2.61772 0.5
1031
296 511 363 363 car 16 10.5809 2.58224 0.5
1032
314 514 357 357 car 16 11.1364 2.59454 0.5
1033
392 527 330 330 car 16 13.328 2.45706 0.5
1034
432 536 313 313 car 16 14.7285 2.37574 0.5
1035
461 544 296 296 car 16 16.085 2.3477 0.5
1036
487 552 280 280 car 16 17.4305 2.31396 0.5
1037
505 559 267 267 car 16 18.4659 2.30282 0.5
1038
521 565 254 254 car 16 19.5012 2.29169 0.5
1039
537 572 241 241 car 16 20.5366 2.28056 0.5
1040
537 572 241 241 car 16 20.5366 2.28056 0.5
1041
551 578 228 228 car 16 21.572 2.26943 0.5
1042
564 584 216 216 car 16 22.6074 2.2583 0.5
1043
578 591 203 203 car 16 23.6428 2.24716 0.5
1044
590 597 190 190 car 16 24.6782 2.23603 0.5
1045
602 604 177 177 car 16 25.7136 2.2249 0.5
1046
614 610 164 164 car 16 26.749 2.21377 0.5
1047
625 617 151 151 car 16 27.7844 2.20264 0.5
1048
636 623 138 138 car 16 28.8198 2.19151 0.5
1135
202 495 394 394 van 17 8.09303 2.46464 0.5
1136
148 496 393 393 van 17 8.06674 2.80741 0.5
1137
147 500 385 385 van 17 8.63826 3.04585 0.5
1138
145 502 380 380 van 17 8.97564 3.18689 0.5
1139
145 504 376 376 van 17 9.31302 3.32794 0.5
1140
315 524 337 337 van 17 12.6049 3.02259 0.5
1141
294 523 338 338 van 17 12.5272 3.19243 0.5
1142
274 523 338 338 van 17 12.4495 3.36227 0.5
1143
344 539 307 307 van 17 15.0096 3.43653 0.5
1235
99 501 382 382 car 18 8.73106 3.42826 0.5
1236
96 498 388 388 car 18 8.26681 3.24597 0.5
1237
195 496 393 393 car 18 8.13847 2.5303 0.5
1238
195 496 393 393 car 18 8.13847 2.5303 0.5
1239
236 494 396 396 car 18 8.01385 2.21849 0.5
1240
284 494 396 396 car 18 8.03893 1.93037 0.5
1241
318 494 397 397 car 18 8.0456 1.72752 0.5
1242
280 495 395 395 car 18 8.11398 1.98133 0.5
1243
265 497 391 391 car 18 8.42408 2.16718 0.5
1244
275 500 384 384 car 18 8.94877 2.25328 0.5
1245
295 504 377 377 car 18 9.50696 2.28018 0.5
1246
312 507 370 370 car 18 10.125 2.3207 0.5
1247
330 511 362 362 car 18 10.749 2.34495 0.5
1248
355 515 354 354 car 18 11.4316 2.31934 0.5
1249
376 519 347 347 car 18 11.9638 2.27702 0.5
1250
390 522 341 341 car 18 12.5147 2.27222 0.5
1251
390 522 341 341 car 18 12.5147 2.27222 0.5
1252
412 526 333 333 car 18 13.1036 2.20673 0.5
1253
432 529 326 326 car 18 13.7254 2.14035 0.5
1254
453 534 317 317 car 18 14.4488 2.08376 0.5
1255
474 538 308 308 car 18 15.2063 2.00481 0.5
1256
493 543 299 299 car 18 15.8874 1.93364 0.5
1257
510 547 291 291 car 18 16.6054 1.86561 0.5
1258
528 551 282 282 car 18 17.3051 1.76514 0.5
1259
545 555 274 274 car 18 17.9717 1.66141 0.5
1260
557 559 267 267 car 18 18.5445 1.61328 0.5
1261
567 562 260 260 car 18 19.1173 1.56516 0.5
1262
577 566 253 253 car 18 19.6901 1.51703 0.5
1263
587 569 246 246 car 18 20.2629 1.46891 0.5
1264
597 573 238 238 car 18 20.8356 1.42078 0.5
1265
606 577 231 231 car 18 21.4084 1.37266 0.5
1266
615 580 224 224 car 18 21.9812 1.32453 0.5
1267
624 584 217 217 car 18 22.554 1.27641 0.5
1268
632 587 210 210 car 18 23.1267 1.22828 0.5
1269
640 591 203 203 car 18 23.6995 1.18016 0.5
1270
640 591 203 203 car 18 23.6995 1.18016 0.5
1271
648 594 196 196 car 18 24.2723 1.13203 0.5
1272
656 598 189 189 car 18 24.8451 1.0839 0.5
1273
663 601 182 182 car 18 25.4179 1.03578 0.5
1274
671 605 174 174 car 18 25.9906 0.987654 0.5
1275
678 609 167 167 car 18 26.5634 0.939528 0.5
1276
685 612 160 160 car 18 27.1362 0.891403 0.5
1277
692 616 153 153 car 18 27.709 0.843278 0.5
1278
698 619 146 146 car 18 28.2818 0.795152 0.5
1279
705 623 139 139 car 18 28.8545 0.747027 0.5
1280
711 626 132 132 car 18 29.4273 0.698902 0.5
1281
711 626 132 132 car 18 29.4273 0.698902 0.5
1282
718 630 124 124 car 18 30.0001 0.650776 0.5
1283
725 634 117 117 car 18 30.5729 0.602651 0.5
1463
189 496 393 393 car 19 8.10621 2.5594 0.5
1464
190 495 394 394 car 19 8.0713 2.53523 0.5
1465
129 496 393 393 car 19 8.02161 2.91448 0.5
1466
94 496 392 392 car 19 7.99225 3.13835 0.5
1467
182 506 372 372 car 19 9.66399 3.1825 0.5
1468
194 510 364 364 car 19 10.3288 3.33304 0.5
1469
292 522 340 340 car 19 12.3479 3.16034 0.5
1470
274 524 337 337 car 19 12.5187 3.39563 0.5
1471
274 524 337 337 car 19 12.5187 3.39563 0.5
1472
372 545 294 294 car 19 16.0641 3.40798 0.5
1473
396 553 278 278 car 19 17.4015 3.4944 0.5
1474
418 562 261 261 car 19 18.739 3.58081 0.5
1475
437 570 244 244 car 19 20.0764 3.66723 0.5
1476
455 578 228 228 car 19 21.4138 3.75365 0.5
1477
473 587 211 211 car 19 22.7513 3.84006 0.5
1478
489 595 194 194 car 19 24.0887 3.92648 0.5
