FRAME_ID
BOX_X BOX_Y WIDTH HEIGHT LABEL ID 3D_X 3D_Y 3D_Z
217
830 552 281 281 people 0 17.3456 -1.99545 0.5
240
787 552 280 280 car 1 17.5289 -1.46503 0.5
241
797 549 287 287 car 2 16.9071 -1.57214 0.5
248
814 518 349 349 car 3 11.9322 -1.53119 0.5
256
814 518 349 349 car 3 11.9322 -1.53119 0.5
262
935 494 396 396 car 4 8.03533 -1.89436 0.5
263
840 518 349 349 DontCare 5 11.8732 -1.7465 0.5
270
852 517 350 350 DontCare 5 11.8422 -1.85984 0.5
279
875 512 360 360 DontCare 5 10.9849 -1.95064 0.5
280
894 511 363 363 DontCare 5 10.6848 -2.05665 0.5
281
913 509 367 367 DontCare 5 10.3847 -2.16265 0.5
282
934 507 370 370 DontCare 5 10.0846 -2.26866 0.5
283
518 510 364 364 DontCare 6 10.836 0.858642 0.5
284
600 507 371 371 DontCare 6 10.2897 0.187711 0.5
295
600 507 371 371 DontCare 6 10.2895 0.187443 0.5
296
716 508 368 368 DontCare 6 10.4915 -0.676119 0.5
297
747 509 367 367 DontCare 6 10.5453 -0.906712 0.5
298
776 509 366 366 DontCare 6 10.599 -1.13731 0.5
309
98 509 366 366 DontCare 7 9.92053 3.96433 0.5
310
99 509 367 367 DontCare 7 9.86289 3.93688 0.5
324
120 510 365 365 DontCare 7 10.0615 3.84608 0.5
325
139 511 363 363 DontCare 7 10.2137 3.75394 0.5
326
153 511 362 362 DontCare 7 10.3571 3.68571 0.5
327
174 512 361 361 DontCare 7 10.5044 3.57319 0.5
328
196 512 360 360 DontCare 7 10.6561 3.43781 0.5
329
226 513 358 358 DontCare 7 10.8542 3.25765 0.5
330
35 498 389 389 DontCare 8 8.05224 3.57457 0.5
331
95 498 388 388 DontCare 8 8.30683 3.26642 0.5
337
137 498 388 388 DontCare 8 8.40338 3.01306 0.5
338
113 498 388 388 DontCare 8 8.35182 3.15757 0.5
339
128 497 390 390 DontCare 8 8.25518 3.01333 0.5
340
212 497 391 391 DontCare 8 8.28516 2.47209 0.5
341
271 496 392 392 DontCare 8 8.34851 2.10493 0.5
342
329 496 393 393 DontCare 8 8.35261 1.73511 0.5
343
389 496 393 393 DontCare 8 8.38584 1.37271 0.5
344
443 495 394 394 DontCare 8 8.35056 1.03052 0.5
345
459 495 395 395 DontCare 8 8.34006 0.928815 0.5
346
486 495 395 395 DontCare 8 8.30516 0.765188 0.5
347
546 494 396 396 DontCare 8 8.25839 0.39584 0.5
348
606 494 396 396 DontCare 8 8.27068 0.0387078 0.5
349
666 495 395 395 DontCare 8 8.32383 -0.312067 0.5
350
731 495 394 394 DontCare 8 8.41751 -0.710742 0.5
351
792 496 392 392 DontCare 8 8.51036 -1.09236 0.5
352
861 497 390 390 DontCare 8 8.63045 -1.53599 0.5
353
911 498 389 389 DontCare 8 8.65707 -1.86147 0.5
354
877 499 387 387 DontCare 8 8.88038 -1.67641 0.5
355
850 500 384 384 DontCare 8 9.11607 -1.53016 0.5
356
829 502 381 381 DontCare 8 9.35289 -1.41009 0.5
357
806 503 379 379 DontCare 8 9.5558 -1.27656 0.5
358
786 505 375 375 DontCare 8 9.86246 -1.15803 0.5
359
756 508 369 369 DontCare 8 10.3731 -0.968902 0.5
360
729 511 363 363 DontCare 8 10.8861 -0.780203 0.5
361
705 514 357 357 DontCare 8 11.3675 -0.596291 0.5
362
391 515 355 355 DontCare 9 11.4056 2.0027 0.5
363
398 515 354 354 DontCare 9 11.4603 1.95658 0.5
368
398 515 355 355 DontCare 9 11.4068 1.94651 0.5
369
397 515 355 355 DontCare 9 11.3766 1.94753 0.5
370
408 514 356 356 DontCare 9 11.3161 1.83744 0.5
371
410 513 358 358 DontCare 9 11.2117 1.79824 0.5
372
422 513 359 359 DontCare 9 11.1182 1.68853 0.5
373
436 512 361 361 DontCare 9 10.994 1.54859 0.5
374
447 513 359 359 DontCare 9 11.1408 1.48894 0.5
375
480 511 362 362 DontCare 9 10.9524 1.18429 0.5
376
529 510 364 364 DontCare 9 10.7728 0.769354 0.5
377
583 509 367 367 DontCare 9 10.5644 0.338316 0.5
378
636 508 369 369 DontCare 9 10.407 -0.0721096 0.5
379
693 509 367 367 DontCare 9 10.5545 -0.495992 0.5
380
750 512 360 360 DontCare 9 11.1575 -0.9593 0.5
381
782 513 359 359 DontCare 9 11.2109 -1.2154 0.5
382
813 514 357 357 DontCare 9 11.2643 -1.47149 0.5
383
843 514 356 356 DontCare 9 11.3177 -1.72759 0.5
384
874 515 355 355 DontCare 9 11.3712 -1.98368 0.5
385
903 515 354 354 DontCare 9 11.4246 -2.23978 0.5
386
855 517 350 350 DontCare 9 11.8486 -1.88099 0.5
387
568 516 352 352 DontCare 10 11.7838 0.567425 0.5
388
600 513 359 359 DontCare 10 11.2629 0.25578 0.5
395
636 510 365 365 DontCare 10 10.7421 -0.055864 0.5
396
675 506 372 372 DontCare 10 10.2212 -0.367508 0.5
397
719 503 378 378 DontCare 10 9.70026 -0.679153 0.5
398
768 500 384 384 DontCare 10 9.17937 -0.990797 0.5
399
783 502 380 380 DontCare 11 9.48403 -1.10967 0.5
400
780 499 386 386 DontCare 11 9.03288 -1.06236 0.5
407
817 496 392 392 DontCare 11 8.53747 -1.25052 0.5
408
854 494 396 396 DontCare 11 8.14269 -1.42661 0.5
409
889 493 399 399 DontCare 11 7.86707 -1.58825 0.5
410
889 493 399 399 DontCare 11 7.86707 -1.58825 0.5
411
908 491 403 403 DontCare 11 7.53151 -1.63734 0.5
412
928 489 407 407 DontCare 11 7.19596 -1.68642 0.5
413
950 487 411 411 DontCare 11 6.8604 -1.73551 0.5
414
975 485 415 415 DontCare 11 6.52485 -1.78459 0.5
415
1003 483 419 419 DontCare 11 6.18929 -1.83368 0.5
416
1033 481 423 423 DontCare 11 5.85374 -1.88276 0.5
417
1066 479 426 426 DontCare 11 5.51818 -1.93185 0.5
418
1066 479 426 426 DontCare 11 5.51818 -1.93185 0.5
419
1104 477 430 430 DontCare 11 5.18263 -1.98093 0.5
420
1146 475 434 434 DontCare 11 4.84707 -2.03002 0.5
421
1194 474 437 437 DontCare 11 4.51152 -2.0791 0.5
422
1194 474 437 437 DontCare 11 4.51152 -2.0791 0.5
423
1247 472 441 441 DontCare 11 4.17596 -2.12819 0.5
424
1247 472 441 441 DontCare 11 4.17596 -2.12819 0.5
425
1307 470 444 444 DontCare 11 3.84041 -2.17727 0.5
426
1307 470 444 444 DontCare 11 3.84041 -2.17727 0.5
427
1307 470 444 444 DontCare 11 3.84041 -2.17727 0.5
428
1374 468 448 448 DontCare 11 3.50485 -2.22636 0.5
429
1452 467 451 451 DontCare 11 3.1693 -2.27544 0.5
430
1540 465 454 454 DontCare 11 2.83374 -2.32453 0.5
431
1640 464 456 456 DontCare 11 2.49819 -2.37361 0.5
432
1754 463 459 459 DontCare 11 2.16263 -2.4227 0.5
433
1881 462 461 461 DontCare 11 1.82708 -2.47179 0.5
434
2023 461 463 463 DontCare 11 1.49153 -2.52087 0.5
435
2177 460 464 464 DontCare 11 1.15597 -2.56996 0.5
436
2343 460 465 465 DontCare 11 0.820415 -2.61904 0.5
441
2514 459 466 466 DontCare 11 0.484861 -2.66813 0.5
442
2689 460 465 465 DontCare 11 0.149306 -2.71721 0.5
443
-1513 460 465 465 DontCare 11 -0.186249 -2.7663 0.5
444
-1351 460 464 464 DontCare 11 -0.521804 -2.81538 0.5
445
-1201 461 462 462 DontCare 11 -0.857359 -2.86447 0.5
446
-1063 462 460 460 DontCare 11 -1.19291 -2.91355 0.5
447
-940 463 458 458 DontCare 11 -1.52847 -2.96264 0.5
448
-851 464 456 456 DontCare 11 -1.80024 -3.00282 0.5
449
-752 466 453 453 DontCare 11 -2.12908 -3.05102 0.5
450
-666 467 450 450 DontCare 11 -2.45792 -3.09921 0.5
451
-589 469 447 447 DontCare 11 -2.78676 -3.14741 0.5
452
-521 470 444 444 DontCare 11 -3.11561 -3.1956 0.5
453
-459 472 440 440 DontCare 11 -3.44445 -3.2438 0.5
454
-404 474 437 437 DontCare 11 -3.77329 -3.292 0.5
455
-418 485 414 414 DontCare 12 5.06033 4.57858 0.5
456
-444 485 415 415 DontCare 12 4.92132 4.61923 0.5
462
-471 484 416 416 DontCare 12 4.78231 4.65987 0.5
463
680 512 360 360 DontCare 13 11.185 -0.401518 0.5
464
673 513 358 358 DontCare 13 11.3152 -0.341126 0.5
473
667 515 354 354 DontCare 13 11.6223 -0.283429 0.5
474
661 517 351 351 DontCare 13 11.9094 -0.217685 0.5
475
655 519 347 347 DontCare 13 12.1624 -0.151439 0.5
476
647 520 345 345 DontCare 13 12.3791 -0.0790303 0.5
477
641 521 342 342 DontCare 13 12.5707 -0.0176818 0.5
478
637 522 340 340 DontCare 13 12.7586 0.0292739 0.5
479
633 523 338 338 DontCare 13 12.9185 0.0744247 0.5
480
630 524 336 336 DontCare 13 13.0716 0.113158 0.5
481
223 525 335 335 car 14 12.5784 3.91762 0.5
482
183 520 345 345 car 14 11.6729 3.96258 0.5
489
149 497 392 392 car 15 8.16003 2.83963 0.5
490
61 507 370 370 DontCare 16 9.53565 4.09369 0.5
498
-27 503 378 378 DontCare 16 8.67214 4.37051 0.5
506
-129 499 386 386 DontCare 16 7.80862 4.64733 0.5
507
-242 496 393 393 DontCare 16 6.94511 4.92415 0.5
508
-372 493 399 399 DontCare 16 6.08159 5.20097 0.5
509
-517 490 405 405 DontCare 16 5.21807 5.47779 0.5
510
-517 490 405 405 DontCare 16 5.21807 5.47779 0.5
511
-517 490 405 405 DontCare 16 5.21807 5.47779 0.5
512
-677 488 409 409 DontCare 16 4.35456 5.75461 0.5
513
-850 486 412 412 DontCare 16 3.49104 6.03143 0.5
514
-850 486 412 412 DontCare 16 3.49104 6.03143 0.5
515
-850 486 412 412 DontCare 16 3.49104 6.03143 0.5
516
635 533 318 318 car 17 14.5033 0.166852 0.5
517
634 533 318 318 car 17 14.5528 0.17826 0.5
546
144 504 376 376 DontCare 18 9.27466 3.31711 0.5
547
98 500 385 385 DontCare 19 8.53628 3.3518 0.5
570
98 500 385 385 DontCare 19 8.53628 3.3518 0.5
576
631 537 311 311 DontCare 20 15.0424 0.261304 0.5
577
630 537 310 310 DontCare 20 15.1648 0.282065 0.5
600
629 538 308 308 DontCare 20 15.2872 0.302826 0.5
601
628 539 307 307 DontCare 20 15.4095 0.323587 0.5
602
628 540 305 305 DontCare 20 15.5319 0.344348 0.5
603
626 540 304 304 DontCare 20 15.6543 0.36511 0.5
604
625 541 302 302 DontCare 20 15.7767 0.385871 0.5
605
625 542 301 301 DontCare 20 15.8991 0.406632 0.5
606
624 543 299 299 DontCare 20 16.0215 0.427393 0.5
607
623 543 298 298 DontCare 20 16.1439 0.448154 0.5
608
622 544 296 296 DontCare 20 16.2663 0.468915 0.5
609
622 545 295 295 DontCare 20 16.3887 0.489676 0.5
610
621 546 293 293 DontCare 20 16.5111 0.510437 0.5
611
621 547 291 291 DontCare 20 16.6334 0.531198 0.5
612
620 547 290 290 DontCare 20 16.7558 0.551959 0.5
613
619 548 288 288 DontCare 20 16.8782 0.57272 0.5
614
633 551 282 282 DontCare 20 17.3706 0.450229 0.5
615
646 553 279 279 DontCare 20 17.6297 0.319721 0.5
616
653 553 279 279 DontCare 20 17.6763 0.230094 0.5
617
658 552 280 280 DontCare 20 17.5581 0.157168 0.5
618
662 551 283 283 DontCare 20 17.3031 0.0960051 0.5
619
678 538 308 308 DontCare 21 15.2981 -0.2388 0.5
620
661 534 316 316 DontCare 21 14.6613 -0.0888471 0.5
634
665 502 381 381 DontCare 22 9.51503 -0.307607 0.5
635
665 502 381 381 DontCare 22 9.51503 -0.307607 0.5
644
330 540 305 305 DontCare 23 15.1054 3.63609 0.5
645
737 552 280 280 van 24 17.5339 -0.841396 0.5
653
364 505 375 375 DontCare 25 9.75854 1.83735 0.5
667
384 504 377 377 DontCare 25 9.67614 1.6763 0.5
675
373 504 377 377 DontCare 25 9.66288 1.74906 0.5
676
367 504 377 377 DontCare 25 9.65498 1.79189 0.5
677
281 501 382 382 DontCare 25 9.09036 2.25748 0.5
678
248 500 385 385 DontCare 25 8.86445 2.41686 0.5
679
211 497 391 391 DontCare 25 8.34854 2.49597 0.5
680
222 499 386 386 DontCare 25 8.698 2.5407 0.5
681
221 498 388 388 DontCare 25 8.53355 2.49218 0.5
682
253 503 379 379 DontCare 25 9.2768 2.51218 0.5
683
264 503 379 379 DontCare 25 9.35555 2.45362 0.5
684
264 501 382 382 DontCare 25 9.09078 2.37477 0.5
685
262 499 386 386 DontCare 25 8.75536 2.28361 0.5
686
258 497 390 390 DontCare 25 8.49198 2.23274 0.5
687
254 497 391 391 DontCare 25 8.3552 2.21721 0.5
688
259 497 391 391 DontCare 25 8.38796 2.19567 0.5
689
266 497 391 391 DontCare 25 8.39154 2.15223 0.5
690
266 497 391 391 DontCare 25 8.39154 2.15223 0.5
691
272 497 391 391 DontCare 25 8.40098 2.1166 0.5
692
277 498 389 389 DontCare 25 8.6142 2.14566 0.5
693
270 497 390 390 DontCare 25 8.50918 2.1573 0.5
694
261 497 390 390 DontCare 25 8.47333 2.20383 0.5
695
251 497 390 390 DontCare 25 8.48434 2.27022 0.5
696
243 498 388 388 DontCare 25 8.60528 2.36305 0.5
697
235 500 385 385 DontCare 25 8.7772 2.48236 0.5
698
213 499 386 386 DontCare 25 8.67819 2.5958 0.5
699
190 499 387 387 DontCare 25 8.60364 2.72689 0.5
700
168 499 386 386 DontCare 25 8.58652 2.87106 0.5
701
152 500 384 384 DontCare 25 8.69988 3.03145 0.5
702
131 501 383 383 DontCare 25 8.766 3.20759 0.5
703
111 502 381 381 DontCare 25 8.84609 3.38955 0.5
704
81 501 382 382 DontCare 25 8.69296 3.54073 0.5
705
69 501 382 382 DontCare 25 8.69085 3.62651 0.5
706
58 502 381 381 DontCare 25 8.68873 3.71229 0.5
707
47 502 381 381 DontCare 25 8.68662 3.79807 0.5
708
35 502 381 381 DontCare 25 8.68451 3.88385 0.5
709
23 502 380 380 DontCare 25 8.6824 3.96963 0.5
710
12 502 380 380 DontCare 25 8.68028 4.05541 0.5
711
2 503 379 379 DontCare 25 8.67817 4.14119 0.5
712
-9 503 379 379 DontCare 25 8.67606 4.22696 0.5
713
-20 503 378 378 DontCare 25 8.67395 4.31274 0.5
714
1501 502 380 380 DontCare 26 7.73066 -5.66748 0.5
715
1534 502 381 381 DontCare 26 7.51546 -5.7846 0.5
720
1566 501 382 382 DontCare 26 7.30026 -5.90173 0.5
721
1600 501 383 383 DontCare 26 7.08506 -6.01886 0.5
722
1634 500 384 384 DontCare 26 6.86986 -6.13599 0.5
723
1669 500 385 385 DontCare 26 6.65466 -6.25312 0.5
724
1703 499 386 386 DontCare 26 6.43946 -6.37024 0.5
725
1740 499 387 387 DontCare 26 6.22426 -6.48737 0.5
726
-113 505 374 374 DontCare 27 8.65538 5.06792 0.5
727
-113 505 374 374 DontCare 27 8.65538 5.06792 0.5
728
-123 505 374 374 DontCare 27 8.65332 5.15188 0.5
734
-132 506 373 373 DontCare 27 8.65127 5.23583 0.5
735
-142 506 373 373 DontCare 27 8.64921 5.31979 0.5
736
-152 506 372 372 DontCare 27 8.64715 5.40375 0.5
737
-162 506 372 372 DontCare 27 8.64509 5.48771 0.5
738
-171 507 371 371 DontCare 27 8.64303 5.57166 0.5
739
-171 507 371 371 DontCare 27 8.64303 5.57166 0.5
740
-180 507 370 370 DontCare 27 8.64098 5.65562 0.5
741
-189 507 370 370 DontCare 27 8.63892 5.73958 0.5
742
-197 508 369 369 DontCare 27 8.63686 5.82354 0.5
743
-207 508 369 369 DontCare 27 8.6348 5.9075 0.5
744
-216 508 368 368 DontCare 27 8.63274 5.99145 0.5
745
-225 508 368 368 DontCare 27 8.63069 6.07541 0.5
746
-225 508 368 368 DontCare 27 8.63069 6.07541 0.5
747
829 530 324 324 DontCare 28 13.9011 -1.81299 0.5
748
831 528 328 328 DontCare 28 13.6114 -1.81268 0.5
754
834 527 331 331 DontCare 28 13.3218 -1.81238 0.5
755
836 525 335 335 DontCare 28 13.0321 -1.81207 0.5
756
838 523 339 339 DontCare 28 12.7425 -1.81176 0.5
757
841 521 342 342 DontCare 28 12.4528 -1.81145 0.5
758
843 519 346 346 DontCare 28 12.1632 -1.81114 0.5
759
847 518 349 349 DontCare 28 11.8735 -1.81083 0.5
760
850 516 353 353 DontCare 28 11.5839 -1.81052 0.5
761
854 514 357 357 DontCare 28 11.2942 -1.81021 0.5
762
847 517 351 351 DontCare 28 11.781 -1.80755 0.5
763
849 517 350 350 DontCare 28 11.7944 -1.82682 0.5
764
851 516 352 352 DontCare 28 11.6427 -1.82754 0.5
765
853 515 354 354 DontCare 28 11.491 -1.82825 0.5
766
855 514 356 356 DontCare 28 11.3393 -1.82896 0.5
767
857 513 358 358 DontCare 28 11.1876 -1.82968 0.5
768
857 513 358 358 DontCare 28 11.1876 -1.82968 0.5
769
857 513 358 358 DontCare 28 11.1876 -1.82968 0.5
770
826 560 265 265 DontCare 29 18.675 -1.98342 0.5
777
802 560 265 265 DontCare 29 18.7067 -1.658 0.5
790
802 560 265 265 DontCare 29 18.7067 -1.65724 0.5
791
801 560 265 265 DontCare 29 18.7068 -1.65652 0.5
792
801 560 265 265 DontCare 29 18.7069 -1.6558 0.5
813
783 553 278 278 DontCare 30 17.6536 -1.41231 0.5
814
789 540 305 305 DontCare 31 15.5016 -1.45761 0.5
820
782 540 305 305 DontCare 31 15.5092 -1.37414 0.5
830
782 540 305 305 DontCare 31 15.5093 -1.37398 0.5
831
798 545 295 295 DontCare 31 16.2679 -1.58036 0.5
832
806 547 290 290 DontCare 31 16.6673 -1.68894 0.5
833
824 528 329 329 DontCare 32 13.5396 -1.73256 0.5
834
860 515 355 355 DontCare 33 11.3879 -1.86739 0.5
840
860 515 355 355 DontCare 33 11.3879 -1.86739 0.5
845
828 532 320 320 DontCare 34 14.2234 -1.82521 0.5
846
828 532 320 320 DontCare 34 14.2234 -1.82521 0.5
852
193 499 387 387 DontCare 35 8.59581 2.70601 0.5
853
179 496 393 393 DontCare 35 8.12607 2.63033 0.5
866
179 496 393 393 DontCare 35 8.12496 2.63015 0.5
867
179 496 393 393 DontCare 35 8.12393 2.62999 0.5
868
729 524 337 337 DontCare 36 12.9549 -0.806562 0.5
869
782 560 264 264 DontCare 37 18.7564 -1.39739 0.5
893
813 558 270 270 DontCare 38 18.3122 -1.79518 0.5
916
820 524 337 337 car 39 12.8645 -1.65083 0.5
923
822 514 356 356 car 40 11.3437 -1.55642 0.5
933
607 506 372 372 car 41 10.2292 0.13063 0.5
940
866 493 398 398 DontCare 42 7.99505 -1.47518 0.5
947
866 493 398 398 DontCare 42 7.99505 -1.47518 0.5
960
866 493 398 398 DontCare 42 7.99505 -1.47518 0.5
1032
449 548 288 288 car 43 16.7343 2.63175 0.5
1033
425 531 323 323 car 44 13.9367 2.26796 0.5
1039
481 543 299 299 DontCare 45 15.9447 2.08147 0.5
1117
944 496 393 393 DontCare 46 8.26297 -1.9933 0.5
1118
923 499 386 386 DontCare 47 8.88214 -1.97929 0.5
1124
422 561 264 264 car 48 18.5568 3.47849 0.5
1129
392 543 299 299 car 49 15.726 3.08225 0.5
1139
884 497 390 390 car 50 8.61685 -1.6847 0.5
1145
884 497 390 390 DontCare 50 8.61685 -1.6847 0.5
1154
408 499 387 387 DontCare 51 8.88817 1.34925 0.5
1155
863 494 397 397 car 52 8.06754 -1.46794 0.5
1161
863 494 397 397 car 52 8.06754 -1.46794 0.5
1172
527 518 349 349 people 53 11.9673 0.943621 0.5
1173
451 512 360 360 people 54 11.0376 1.43117 0.5
1186
451 512 360 360 people 54 11.0376 1.43117 0.5
1196
291 523 338 338 DontCare 55 12.5406 3.2299 0.5
1197
757 536 313 313 DontCare 56 14.8895 -1.09954 0.5
1206
877 496 392 392 car 57 8.46696 -1.61707 0.5
1211
887 500 385 385 DontCare 57 9.00807 -1.7611 0.5
1218
887 500 385 385 DontCare 57 9.00915 -1.76138 0.5
1219
808 530 325 325 car 58 13.8487 -1.59315 0.5
1220
567 556 273 273 van 59 18.0856 1.40352 0.5
1227
504 530 324 324 DontCare 60 13.9349 1.44852 0.5
1263
327 495 394 394 DontCare 61 8.26143 1.72694 0.5
1264
327 495 394 394 DontCare 61 8.26143 1.72694 0.5
1275
327 495 394 394 DontCare 61 8.26143 1.72694 0.5
1276
457 502 380 380 DontCare 61 9.4789 1.11747 0.5
1277
515 506 373 373 DontCare 61 10.1198 0.796624 0.5
1278
494 500 384 384 DontCare 61 9.18757 0.826038 0.5
1279
478 497 391 391 DontCare 61 8.65473 0.857382 0.5
1280
478 497 391 391 DontCare 61 8.65473 0.857382 0.5
1281
503 503 378 378 DontCare 61 9.6889 0.828115 0.5
1282
503 503 378 378 DontCare 61 9.6889 0.828115 0.5
1283
523 504 376 376 DontCare 61 9.88942 0.711423 0.5
1284
543 506 373 373 DontCare 61 10.0899 0.594731 0.5
1285
561 507 371 371 DontCare 61 10.2905 0.47804 0.5
1286
579 508 368 368 DontCare 61 10.491 0.361348 0.5
1287
552 508 369 369 DontCare 61 10.4531 0.557442 0.5
1288
526 506 373 373 DontCare 61 10.1123 0.718267 0.5
1289
533 506 372 372 DontCare 61 10.1957 0.673454 0.5
1290
543 511 363 363 DontCare 61 10.8989 0.676952 0.5
1291
540 512 361 361 DontCare 61 11.0815 0.722475 0.5
1292
529 511 362 362 DontCare 61 10.9801 0.795696 0.5
1293
512 509 366 366 DontCare 61 10.6458 0.882287 0.5
1294
533 515 355 355 DontCare 61 11.5091 0.830056 0.5
1295
534 517 351 351 DontCare 61 11.8557 0.864777 0.5
1296
524 516 352 352 DontCare 61 11.7448 0.933637 0.5
1297
509 514 357 357 DontCare 61 11.3197 1.00911 0.5
1298
380 495 395 395 DontCare 62 8.22311 1.39145 0.5
1299
380 495 395 395 DontCare 62 8.22311 1.39145 0.5
1300
514 518 348 348 DontCare 63 12.0659 1.06113 0.5
1301
502 516 353 353 DontCare 63 11.6816 1.11239 0.5
1307
393 497 390 390 DontCare 64 8.66704 1.39525 0.5
1308
538 523 339 339 DontCare 65 12.8011 0.957007 0.5
1315
437 498 389 389 DontCare 66 8.737 1.13181 0.5
1321
565 530 325 325 DontCare 67 13.9191 0.838988 0.5
1327
569 532 321 321 DontCare 67 14.2273 0.830075 0.5
1333
568 530 324 324 DontCare 67 13.986 0.811418 0.5
1334
567 529 327 327 DontCare 67 13.7535 0.795265 0.5
1335
559 525 334 334 DontCare 67 13.1896 0.803402 0.5
1336
467 505 374 374 DontCare 68 9.98663 1.1268 0.5
1337
586 530 324 324 DontCare 69 14.0315 0.628416 0.5
1343
581 528 329 329 DontCare 69 13.6513 0.641118 0.5
1349
563 523 339 339 DontCare 69 12.8541 0.722832 0.5
1350
539 517 350 350 DontCare 69 11.8914 0.827513 0.5
1351
506 510 364 364 DontCare 69 10.7636 0.950473 0.5
1352
512 513 358 358 DontCare 69 11.2552 0.964804 0.5
1353
509 514 357 357 DontCare 69 11.3758 1.00773 0.5
1354
498 512 360 360 DontCare 69 11.1438 1.06673 0.5
1355
472 509 367 367 DontCare 69 10.5074 1.17568 0.5
1356
462 507 371 371 DontCare 69 10.2154 1.20449 0.5
1357
472 510 364 364 DontCare 69 10.8023 1.21953 0.5
1358
464 510 365 365 DontCare 69 10.6615 1.26892 0.5
1359
444 507 371 371 DontCare 69 10.2268 1.34089 0.5
1360
416 503 379 379 DontCare 69 9.5503 1.4191 0.5
1361
403 501 382 382 DontCare 69 9.28865 1.45733 0.5
1362
390 500 385 385 DontCare 69 9.02701 1.49556 0.5
1363
392 500 385 385 DontCare 69 9.07308 1.48951 0.5
1364
379 498 389 389 DontCare 69 8.6878 1.49774 0.5
1365
365 496 392 392 DontCare 69 8.4484 1.52988 0.5
1366
399 499 386 386 DontCare 69 8.9811 1.42397 0.5
1367
413 500 385 385 DontCare 69 9.09609 1.35138 0.5
1368
408 498 389 389 DontCare 69 8.77828 1.32357 0.5
1369
402 497 390 390 DontCare 69 8.65132 1.33416 0.5
1370
433 501 382 382 DontCare 69 9.28028 1.2525 0.5
1371
443 502 381 381 DontCare 69 9.38179 1.19941 0.5
1372
434 499 386 386 DontCare 69 9.0386 1.201 0.5
1373
433 499 386 386 DontCare 69 8.99806 1.19857 0.5
1374
454 502 380 380 DontCare 69 9.52059 1.14644 0.5
1375
471 505 374 374 DontCare 69 9.96259 1.09811 0.5
1376
457 502 380 380 DontCare 69 9.50339 1.12114 0.5
1377
459 502 380 380 DontCare 69 9.53337 1.11287 0.5
1378
467 505 374 374 DontCare 69 10.0109 1.13067 0.5
1379
457 504 376 376 DontCare 69 9.84975 1.17341 0.5
1380
450 504 377 377 DontCare 69 9.70451 1.21206 0.5
1381
470 508 368 368 DontCare 69 10.4573 1.18019 0.5
1382
478 510 364 364 DontCare 69 10.788 1.1682 0.5
1383
467 508 368 368 DontCare 69 10.4868 1.20948 0.5
1384
449 505 375 375 DontCare 69 9.91845 1.24852 0.5
1385
448 505 375 375 DontCare 69 9.90812 1.25345 0.5
1386
463 507 370 370 DontCare 69 10.2591 1.20194 0.5
1387
464 507 371 371 DontCare 69 10.209 1.19024 0.5
1388
454 504 377 377 DontCare 69 9.70798 1.18307 0.5
1389
452 503 378 378 DontCare 69 9.64095 1.18226 0.5
1390
451 503 379 379 DontCare 69 9.57391 1.18146 0.5
1391
448 502 380 380 DontCare 69 9.50687 1.18066 0.5
1392
447 502 381 381 DontCare 69 9.43984 1.17986 0.5
1393
446 502 381 381 DontCare 69 9.3728 1.17905 0.5
1394
444 501 382 382 DontCare 69 9.30576 1.17825 0.5
1395
443 501 383 383 DontCare 69 9.23873 1.17745 0.5
1396
441 500 384 384 DontCare 69 9.17169 1.17665 0.5
1397
440 500 385 385 DontCare 69 9.10465 1.17584 0.5
1398
437 499 386 386 DontCare 69 9.03762 1.17504 0.5
1399
466 503 378 378 DontCare 69 9.65196 1.07956 0.5
1400
481 505 375 375 DontCare 69 9.89387 1.01683 0.5
1401
484 504 376 376 DontCare 69 9.82475 0.978358 0.5
1402
479 502 380 380 DontCare 69 9.4944 0.965887 0.5
1403
475 500 384 384 DontCare 69 9.20373 0.954885 0.5
1404
475 500 385 385 DontCare 69 9.14165 0.943542 0.5
1405
488 504 377 377 DontCare 69 9.72042 0.938467 0.5
1406
489 505 375 375 DontCare 69 9.93734 0.959599 0.5
1407
484 505 375 375 DontCare 69 9.88022 0.990918 0.5
1408
468 502 380 380 DontCare 69 9.48719 1.04045 0.5
1409
468 502 380 380 DontCare 69 9.46543 1.03997 0.5
1410
468 502 380 380 DontCare 69 9.46543 1.03997 0.5
1411
468 502 381 381 DontCare 69 9.44367 1.03949 0.5
1412
467 504 376 376 DontCare 69 9.82489 1.10254 0.5
1413
459 505 375 375 DontCare 69 9.89173 1.17228 0.5
1414
443 503 378 378 DontCare 69 9.64236 1.24359 0.5
1415
421 501 383 383 DontCare 69 9.19793 1.32086 0.5
1416
415 500 384 384 DontCare 69 9.131 1.34137 0.5
1417
424 504 376 376 DontCare 69 9.77765 1.40348 0.5
1418
424 506 373 373 DontCare 69 10.046 1.45478 0.5
1419
413 506 373 373 DontCare 69 9.9688 1.52477 0.5
1420
394 503 378 378 DontCare 69 9.56174 1.57843 0.5
1421
388 503 379 379 DontCare 69 9.53312 1.6114 0.5
1422
408 508 369 369 DontCare 69 10.2943 1.63248 0.5
1423
413 510 365 365 DontCare 69 10.6594 1.65953 0.5
1424
405 509 367 367 DontCare 69 10.4725 1.68697 0.5
1425
384 505 375 375 DontCare 69 9.83388 1.71021 0.5
1426
379 505 375 375 DontCare 69 9.79841 1.74067 0.5
1427
396 508 368 368 DontCare 69 10.4036 1.73634 0.5
1428
398 509 367 367 DontCare 69 10.4905 1.7416 0.5
1429
389 507 371 371 DontCare 69 10.1458 1.74378 0.5
1430
368 503 379 379 DontCare 69 9.51664 1.75422 0.5
1431
360 502 380 380 DontCare 69 9.40194 1.77759 0.5
1432
377 506 373 373 DontCare 69 9.92811 1.78508 0.5
1433
371 505 375 375 DontCare 69 9.83267 1.80237 0.5
1434
354 502 381 381 DontCare 69 9.3372 1.81231 0.5
1435
347 501 382 382 DontCare 69 9.23602 1.8335 0.5
1436
341 501 383 383 DontCare 69 9.13484 1.85469 0.5
1437
333 500 384 384 DontCare 69 9.03366 1.87588 0.5
1438
327 500 385 385 DontCare 69 8.93248 1.89707 0.5
1439
320 499 387 387 DontCare 69 8.8313 1.91826 0.5
1440
312 498 388 388 DontCare 69 8.73012 1.93945 0.5
1441
305 498 389 389 DontCare 69 8.62894 1.96064 0.5
1442
298 497 390 390 DontCare 69 8.52776 1.98183 0.5
1443
291 497 391 391 DontCare 69 8.42658 2.00302 0.5
1444
282 496 392 392 DontCare 69 8.3254 2.02421 0.5
1445
274 495 394 394 DontCare 69 8.22422 2.0454 0.5
1446
267 495 395 395 DontCare 69 8.12304 2.06659 0.5
1447
258 494 396 396 DontCare 69 8.02186 2.08778 0.5
1448
290 498 389 389 DontCare 69 8.63364 2.06518 0.5
1449
298 499 387 387 DontCare 69 8.73283 2.03937 0.5
1450
295 498 389 389 DontCare 69 8.61254 2.02283 0.5
1451
293 498 389 389 DontCare 69 8.60689 2.03783 0.5
1452
317 501 383 383 DontCare 69 9.12651 2.01753 0.5
1453
321 501 382 382 DontCare 69 9.17831 1.99863 0.5
1454
315 500 385 385 DontCare 69 8.97085 1.98527 0.5
1455
315 500 384 384 DontCare 69 9.00346 1.99439 0.5
1456
331 502 380 380 DontCare 69 9.37216 1.97596 0.5
1457
335 503 379 379 DontCare 69 9.41915 1.96283 0.5
1458
337 503 378 378 DontCare 69 9.49946 1.96801 0.5
1459
360 507 371 371 DontCare 69 10.1329 1.95409 0.5
1460
364 508 368 368 DontCare 69 10.3043 1.96303 0.5
1461
355 506 372 372 DontCare 69 9.99146 1.95905 0.5
1462
346 504 376 376 DontCare 69 9.71602 1.95489 0.5
1463
346 504 376 376 DontCare 69 9.71602 1.95489 0.5
1464
369 508 368 368 DontCare 69 10.3735 1.93882 0.5
1465
373 509 367 367 DontCare 69 10.3882 1.92105 0.5
1466
364 506 372 372 DontCare 69 10.0464 1.90037 0.5
1467
350 503 378 378 DontCare 69 9.54278 1.88243 0.5
1468
349 503 379 379 DontCare 69 9.48103 1.87933 0.5
1469
348 503 379 379 DontCare 69 9.41927 1.87624 0.5
1470
345 502 380 380 DontCare 69 9.35752 1.87314 0.5
1471
344 502 381 381 DontCare 69 9.29577 1.87004 0.5
1472
342 501 382 382 DontCare 69 9.23402 1.86695 0.5
1473
340 501 383 383 DontCare 69 9.17227 1.86385 0.5
1474
339 501 383 383 DontCare 69 9.11051 1.86076 0.5
1475
337 500 384 384 DontCare 69 9.04876 1.85766 0.5
1476
335 500 385 385 DontCare 69 8.98701 1.85456 0.5
1477
333 499 386 386 DontCare 69 8.92526 1.85147 0.5
1478
331 499 386 386 DontCare 69 8.8635 1.84837 0.5
1479
330 499 387 387 DontCare 69 8.80175 1.84528 0.5
1480
327 498 388 388 DontCare 69 8.74 1.84218 0.5
1481
326 498 389 389 DontCare 69 8.67825 1.83909 0.5
1482
324 498 389 389 DontCare 69 8.61649 1.83599 0.5
1483
322 497 390 390 DontCare 69 8.55474 1.83289 0.5
1484
320 497 391 391 DontCare 69 8.49299 1.8298 0.5
1485
324 500 384 384 DontCare 69 9.06194 1.94859 0.5
1486
309 501 383 383 DontCare 69 9.05545 2.05626 0.5
1487
311 502 380 380 DontCare 69 9.34856 2.11288 0.5
1488
294 501 383 383 DontCare 69 9.0323 2.14822 0.5
1489
282 500 384 384 DontCare 69 8.97633 2.21442 0.5
1490
275 501 382 382 DontCare 69 9.14015 2.3077 0.5
1491
251 500 385 385 DontCare 69 8.83827 2.3861 0.5
1492
268 505 375 375 DontCare 69 9.61857 2.50926 0.5
1493
271 507 370 370 DontCare 69 10.0133 2.6046 0.5
1494
262 508 369 369 DontCare 69 10.0796 2.70328 0.5
1495
154 506 372 372 DontCare 70 9.62445 3.37838 0.5
1496
131 505 375 375 DontCare 70 9.31195 3.44143 0.5
1501
104 503 379 379 DontCare 70 8.99945 3.50448 0.5
1502
77 501 382 382 DontCare 70 8.68695 3.56753 0.5
1503
49 500 385 385 DontCare 70 8.37446 3.63058 0.5
1504
18 498 389 389 DontCare 70 8.06196 3.69362 0.5
1505
-13 496 392 392 DontCare 70 7.74946 3.75667 0.5
1506
263 495 395 395 DontCare 71 8.07621 2.07414 0.5
1507
237 490 404 404 DontCare 71 7.38867 2.01984 0.5
1515
-119 492 401 401 DontCare 72 6.81197 3.94582 0.5
1516
-160 490 404 404 DontCare 72 6.49947 4.00887 0.5
1528
-202 489 407 407 DontCare 72 6.18697 4.07192 0.5
1529
-246 487 410 410 DontCare 72 5.87447 4.13497 0.5
1530
-294 486 412 412 DontCare 72 5.56197 4.19801 0.5
1531
-344 485 415 415 DontCare 72 5.24948 4.26106 0.5
1532
-397 484 417 417 DontCare 72 4.93698 4.32411 0.5
1533
-454 482 420 420 DontCare 72 4.62448 4.38716 0.5
1534
-514 481 422 422 DontCare 72 4.31198 4.45021 0.5
1535
-577 480 424 424 DontCare 72 3.99948 4.51326 0.5
1536
-643 479 426 426 DontCare 72 3.68699 4.57631 0.5
1537
-713 478 428 428 DontCare 72 3.37449 4.63936 0.5
1538
-785 478 429 429 DontCare 72 3.06199 4.70241 0.5
1539
-861 477 431 431 DontCare 72 2.74949 4.76545 0.5
1540
-940 476 432 432 DontCare 72 2.43699 4.8285 0.5
1541
-1020 476 433 433 DontCare 72 2.12449 4.89155 0.5
1542
-1103 475 434 434 DontCare 72 1.812 4.9546 0.5
1543
-1187 475 434 434 DontCare 72 1.4995 5.01765 0.5
1544
-1272 475 434 434 DontCare 72 1.187 5.0807 0.5
1545
-1357 475 434 434 DontCare 72 0.874502 5.14375 0.5
1546
-1442 475 434 434 DontCare 72 0.562004 5.2068 0.5
1551
-1526 475 434 434 DontCare 72 0.249506 5.26985 0.5
1552
2765 476 433 433 DontCare 72 -0.0629919 5.33289 0.5
1553
2685 476 432 432 DontCare 72 -0.37549 5.39594 0.5
1554
2608 477 431 431 DontCare 72 -0.687988 5.45899 0.5
1555
2534 478 429 429 DontCare 72 -1.00049 5.52204 0.5
1556
2462 478 428 428 DontCare 72 -1.31298 5.58509 0.5
1557
2394 479 426 426 DontCare 72 -1.62548 5.64814 0.5
1558
2330 480 424 424 DontCare 72 -1.93798 5.71119 0.5
1559
2269 481 422 422 DontCare 72 -2.25048 5.77424 0.5
1560
2211 482 420 420 DontCare 72 -2.56298 5.83728 0.5
1561
2158 484 417 417 DontCare 72 -2.87547 5.90033 0.5
1562
2107 485 415 415 DontCare 72 -3.18797 5.96338 0.5
1563
86 492 400 400 DontCare 73 7.38912 2.92447 0.5
1564
94 492 400 400 DontCare 73 7.4453 2.89342 0.5
1565
152 494 397 397 DontCare 73 7.76567 2.66338 0.5
1566
168 494 396 396 DontCare 73 7.83931 2.58841 0.5
1567
214 495 395 395 DontCare 73 7.98286 2.35846 0.5
1568
243 494 396 396 DontCare 73 8.00011 2.17631 0.5
1569
255 494 396 396 DontCare 73 8.0022 2.10117 0.5
1570
267 494 396 396 DontCare 73 8.00428 2.02602 0.5
1571
280 494 396 396 DontCare 73 8.00637 1.95088 0.5
1572
292 494 397 397 DontCare 73 8.00846 1.87574 0.5
1573
360 499 387 387 DontCare 73 8.80818 1.64523 0.5
1574
381 499 386 386 DontCare 73 8.9241 1.53235 0.5
1575
384 498 388 388 DontCare 73 8.81586 1.48386 0.5
1576
396 499 387 387 DontCare 73 8.91155 1.42764 0.5
1577
386 498 388 388 DontCare 73 8.79783 1.47312 0.5
1578
400 500 384 384 DontCare 73 9.11701 1.44142 0.5
1579
420 500 384 384 DontCare 73 9.15591 1.31683 0.5
1580
425 499 387 387 DontCare 73 8.93083 1.23967 0.5
1581
426 498 389 389 DontCare 73 8.73983 1.20579 0.5
1582
108 498 389 389 DontCare 74 8.24696 3.1554 0.5
1583
436 497 390 390 DontCare 75 8.65998 1.12231 0.5
1592
459 498 388 388 DontCare 75 8.84232 1.00362 0.5
1599
486 498 389 389 DontCare 75 8.76769 0.821285 0.5
1600
490 498 389 389 DontCare 75 8.82496 0.804804 0.5
1601
488 497 391 391 DontCare 75 8.65411 0.791939 0.5
1602
481 496 393 393 DontCare 75 8.51838 0.819094 0.5
1603
490 496 393 393 DontCare 75 8.49129 0.758825 0.5
1604
500 496 393 393 DontCare 75 8.46421 0.698555 0.5
1605
508 495 394 394 DontCare 75 8.43713 0.638286 0.5
1606
518 495 394 394 DontCare 75 8.41004 0.578017 0.5
1607
528 495 395 395 DontCare 75 8.38296 0.517748 0.5
1608
537 495 395 395 DontCare 75 8.35587 0.457479 0.5
1609
547 495 395 395 DontCare 75 8.32879 0.39721 0.5
1610
556 494 396 396 DontCare 75 8.3017 0.33694 0.5
1611
566 494 396 396 DontCare 75 8.27462 0.276671 0.5
1612
576 494 396 396 DontCare 75 8.24753 0.216402 0.5
1613
586 494 397 397 DontCare 75 8.22045 0.156133 0.5
1614
596 494 397 397 DontCare 75 8.19337 0.0958637 0.5
1615
606 494 397 397 DontCare 75 8.16628 0.0355945 0.5
1616
616 493 398 398 DontCare 75 8.1392 -0.0246746 0.5
1617
626 493 398 398 DontCare 75 8.11211 -0.0849438 0.5
1618
637 493 398 398 DontCare 75 8.08503 -0.145213 0.5
1619
647 493 399 399 DontCare 75 8.05794 -0.205482 0.5
1620
658 493 399 399 DontCare 75 8.03086 -0.265751 0.5
1621
600 495 394 394 DontCare 75 8.43057 0.0820568 0.5
1622
573 497 390 390 DontCare 75 8.74951 0.264128 0.5
1623
568 499 387 387 DontCare 75 8.98718 0.321127 0.5
1624
577 500 385 385 DontCare 75 9.15402 0.271221 0.5
1625
596 501 383 383 DontCare 75 9.29218 0.157986 0.5
1626
623 501 382 382 DontCare 75 9.38139 -0.0232205 0.5
1627
661 502 381 381 DontCare 75 9.46923 -0.275234 0.5
1628
702 502 380 380 DontCare 75 9.55144 -0.558095 0.5
1629
749 503 378 378 DontCare 75 9.68644 -0.891192 0.5
1630
768 504 377 377 DontCare 75 9.78585 -1.02577 0.5
1631
786 505 375 375 DontCare 75 9.88526 -1.16034 0.5
1632
803 505 374 374 DontCare 75 9.98467 -1.29492 0.5
1633
821 506 372 372 DontCare 75 10.0841 -1.4295 0.5
1634
838 507 371 371 DontCare 75 10.1835 -1.56407 0.5
1635
854 508 369 369 DontCare 75 10.2829 -1.69865 0.5
1636
870 508 368 368 DontCare 75 10.3823 -1.83323 0.5
1637
886 509 366 366 DontCare 75 10.4817 -1.9678 0.5
1638
902 510 365 365 DontCare 75 10.5811 -2.10238 0.5
1639
917 511 363 363 DontCare 75 10.6806 -2.23695 0.5
1640
931 511 362 362 DontCare 75 10.78 -2.37153 0.5
1641
-7 499 386 386 DontCare 76 8.1918 3.95023 0.5
1642
65 498 388 388 DontCare 76 8.2297 3.44176 0.5
1643
95 498 389 389 DontCare 76 8.26184 3.24595 0.5
1644
109 498 389 389 DontCare 76 8.27671 3.15542 0.5
1645
164 497 390 390 DontCare 76 8.33959 2.80438 0.5
1646
199 497 391 391 DontCare 76 8.29842 2.5581 0.5
1647
216 496 392 392 DontCare 76 8.26256 2.43171 0.5
1648
256 498 389 389 DontCare 76 8.51257 2.25236 0.5
1649
286 498 388 388 DontCare 76 8.68067 2.10064 0.5
1650
326 500 384 384 DontCare 76 9.02529 1.92149 0.5
1651
365 502 380 380 DontCare 76 9.40909 1.74859 0.5
1652
399 505 374 374 DontCare 76 9.87923 1.60761 0.5
1653
423 508 369 369 DontCare 76 10.3373 1.52158 0.5
1654
446 511 363 363 DontCare 76 10.8615 1.4367 0.5
1655
468 515 355 355 DontCare 76 11.4483 1.36693 0.5
1656
486 518 348 348 DontCare 76 12.0171 1.30768 0.5
1657
500 522 341 341 DontCare 76 12.6249 1.27655 0.5
1658
500 522 341 341 DontCare 76 12.6249 1.27655 0.5
1659
511 526 333 333 DontCare 76 13.2391 1.27808 0.5
1660
1156 527 330 330 DontCare 77 12.6483 -4.85994 0.5
1661
1166 528 328 328 DontCare 77 12.747 -4.99068 0.5
1662
1166 528 328 328 DontCare 77 12.747 -4.99068 0.5
1663
1176 529 327 327 DontCare 77 12.8456 -5.12143 0.5
1664
1185 530 325 325 DontCare 77 12.9443 -5.25217 0.5
1665
1194 531 323 323 DontCare 77 13.043 -5.38291 0.5
1666
487 554 276 276 DontCare 78 17.707 2.37925 0.5
1667
493 558 269 269 DontCare 78 18.2834 2.42884 0.5
1682
497 561 263 263 DontCare 78 18.7345 2.46716 0.5
1683
502 564 256 256 DontCare 78 19.2945 2.51489 0.5
1684
508 568 249 249 DontCare 78 19.8545 2.56262 0.5
1685
549 568 248 248 DontCare 78 20.0506 1.99114 0.5
1686
691 553 279 279 DontCare 79 17.6382 -0.252236 0.5
1687
691 553 279 279 DontCare 79 17.6382 -0.252236 0.5
1688
781 539 307 307 DontCare 80 15.3798 -1.36246 0.5
1693
861 522 341 341 DontCare 81 12.5118 -1.99567 0.5
1699
787 515 355 355 DontCare 82 11.4601 -1.26774 0.5
1706
799 515 355 355 DontCare 82 11.4486 -1.36745 0.5
1726
799 515 355 355 DontCare 82 11.4486 -1.36765 0.5
1727
635 527 330 330 DontCare 83 13.5453 0.104914 0.5
1728
646 523 339 339 DontCare 83 12.8013 -0.0448601 0.5
1735
655 520 345 345 DontCare 83 12.3837 -0.149646 0.5
1736
632 517 351 351 DontCare 83 11.8935 0.030411 0.5
1737
607 514 357 357 DontCare 83 11.4033 0.210468 0.5
1738
580 511 363 363 DontCare 83 10.9131 0.390526 0.5
1739
550 508 369 369 DontCare 83 10.4229 0.570583 0.5
1740
518 505 375 375 DontCare 83 9.9327 0.750641 0.5
1741
614 607 170 170 car 84 26.2916 2.10069 0.5
1742
619 610 164 164 car 84 26.7309 2.09752 0.5
1751
624 613 159 159 car 84 27.1703 2.09435 0.5
1752
629 616 153 153 car 84 27.6096 2.09117 0.5
1753
633 618 148 148 car 84 28.0489 2.088 0.5
1754
638 621 142 142 car 84 28.4883 2.08483 0.5
1755
642 624 137 137 car 84 28.9276 2.08165 0.5
1756
647 627 131 131 car 84 29.3669 2.07848 0.5
1757
651 629 126 126 car 84 29.8063 2.07531 0.5
1758
655 632 121 121 car 84 30.2456 2.07213 0.5
1776
385 557 270 270 DontCare 85 17.9434 3.79353 0.5
1777
385 557 270 270 DontCare 85 17.9434 3.79353 0.5
1785
385 557 270 270 DontCare 85 17.9434 3.79353 0.5
1839
656 557 270 270 car 86 18.3582 0.254884 0.5
1840
341 537 310 310 car 87 14.803 3.40677 0.5
1848
452 511 363 363 car 88 10.8412 1.39027 0.5
1856
433 495 394 394 car 89 8.3641 1.08885 0.5
1862
497 511 363 363 DontCare 90 10.8808 1.03578 0.5
1869
855 504 376 376 DontCare 91 9.72299 -1.63798 0.5
1889
863 506 373 373 DontCare 91 9.94882 -1.72401 0.5
1899
863 506 373 373 DontCare 91 9.94927 -1.72418 0.5
1900
863 506 373 373 DontCare 91 9.94941 -1.72423 0.5
1901
450 561 262 262 car 92 18.7231 3.11218 0.5
1902
344 524 337 337 DontCare 93 12.6832 2.75987 0.5
1909
344 524 337 337 DontCare 93 12.6832 2.75987 0.5
1955
332 540 304 304 car 94 15.1827 3.62752 0.5
1956
255 524 337 337 car 95 12.5099 3.5724 0.5
1963
255 524 337 337 car 95 12.5099 3.5724 0.5
1984
271 528 328 328 car 96 13.2443 3.65741 0.5
1985
158 512 361 361 DontCare 97 10.4768 3.69717 0.5
1991
158 512 361 361 DontCare 97 10.4768 3.69717 0.5
2002
267 528 328 328 sign 98 13.2104 3.69724 0.5
2010
104 506 372 372 car 99 9.49433 3.72796 0.5
2031
104 506 372 372 DontCare 99 9.49433 3.72796 0.5
2043
761 537 311 311 DontCare 100 15.0064 -1.13895 0.5
2044
321 493 398 398 car 101 7.97352 1.68684 0.5
2051
321 493 398 398 DontCare 101 7.97352 1.68684 0.5
2061
843 503 379 379 people 102 9.52788 -1.53036 0.5
2062
668 512 360 360 DontCare 103 11.1859 -0.305149 0.5
2081
80 499 387 387 DontCare 104 8.32273 3.38182 0.5
2092
148 498 389 389 DontCare 104 8.36274 2.92404 0.5
2099
148 498 389 389 DontCare 104 8.36283 2.92296 0.5
2100
149 498 389 389 DontCare 104 8.36292 2.92195 0.5
2101
209 501 383 383 DontCare 104 8.94877 2.71645 0.5
2102
185 503 379 379 DontCare 104 9.19156 2.98353 0.5
2103
246 503 378 378 DontCare 104 9.38353 2.59242 0.5
2104
268 505 375 375 DontCare 104 9.61083 2.50906 0.5
2105
327 498 389 389 DontCare 105 8.62864 1.81763 0.5
2106
301 489 407 407 DontCare 105 7.21056 1.61305 0.5
2127
266 480 425 425 DontCare 105 5.79249 1.40848 0.5
2128
216 471 443 443 DontCare 105 4.37441 1.2039 0.5
2129
127 462 460 460 DontCare 105 2.95634 0.999324 0.5
2130
269 514 356 356 DontCare 106 11.0663 2.9528 0.5
2131
277 516 353 353 DontCare 106 11.3019 2.96698 0.5
2138
255 516 353 353 DontCare 106 11.2853 3.15342 0.5
2139
233 514 356 356 DontCare 106 11.0167 3.24696 0.5
2140
63 500 385 385 DontCare 107 8.4767 3.57311 0.5
2141
56 499 386 386 DontCare 107 8.33162 3.55591 0.5
2152
56 499 386 386 DontCare 107 8.33127 3.55587 0.5
2153
56 499 386 386 DontCare 107 8.33095 3.55583 0.5
2154
859 508 368 368 DontCare 108 10.3933 -1.75256 0.5
2155
224 522 341 341 DontCare 109 12.0949 3.7265 0.5
2165
224 523 339 339 DontCare 109 12.263 3.78701 0.5