FRAME_ID
BOX_X BOX_Y WIDTH HEIGHT LABEL ID 3D_X 3D_Y 3D_Z
218
946 498 300 300 people 1 13.6515 -2.66905 0.5
219
949 496 300 300 people 1 13.6515 -2.66905 0.5
220
949 496 300 300 people 1 13.6515 -2.66905 0.5
221
954 493 300 300 people 1 13.6515 -2.66905 0.5
222
958 491 300 300 people 1 13.6515 -2.66905 0.5
223
958 491 300 300 people 1 13.6515 -2.66905 0.5
224
966 487 300 300 people 1 13.6515 -2.66905 0.5
225
972 485 300 300 people 1 13.6515 -2.66905 0.5
226
981 486 300 300 people 1 13.6515 -2.66905 0.5
743 604 300 300 DontCare 82 27.2086 -0.277591 0.5
227
743 604 300 300 DontCare 82 27.2086 -0.277591 0.5
228
762 604 300 300 DontCare 82 27.2086 -0.277591 0.5
229
762 604 300 300 DontCare 82 27.2086 -0.277591 0.5
230
781 595 300 300 DontCare 82 27.2086 -0.277591 0.5
231
790 592 300 300 DontCare 82 27.2086 -0.277591 0.5
232
790 592 300 300 DontCare 82 27.2086 -0.277591 0.5
233
812 599 300 300 DontCare 82 27.2086 -0.277591 0.5
234
812 599 300 300 DontCare 82 27.2086 -0.277591 0.5
235
830 601 300 300 DontCare 82 27.2086 -0.277591 0.5
236
830 601 300 300 DontCare 82 27.2086 -0.277591 0.5
237
809 577 300 300 car 2 19.6505 -1.65441 0.5
846 597 300 300 DontCare 82 27.2086 -0.277591 0.5
238
809 577 300 300 car 2 19.6505 -1.65441 0.5
846 597 300 300 DontCare 82 27.2086 -0.277591 0.5
239
824 571 300 300 car 2 19.6505 -1.65441 0.5
846 597 300 300 DontCare 82 27.2086 -0.277591 0.5
240
828 567 300 300 car 2 19.6505 -1.65441 0.5
864 587 300 300 DontCare 82 27.2086 -0.277591 0.5
241
834 565 300 300 car 2 19.6505 -1.65441 0.5
864 587 300 300 DontCare 82 27.2086 -0.277591 0.5
242
842 568 300 300 car 2 19.6505 -1.65441 0.5
877 588 300 300 DontCare 82 27.2086 -0.277591 0.5
243
850 571 300 300 car 2 19.6505 -1.65441 0.5
244
857 573 300 300 car 2 19.6505 -1.65441 0.5
245
866 575 300 300 car 2 19.6505 -1.65441 0.5
246
876 569 300 300 car 2 19.6505 -1.65441 0.5
247
876 569 300 300 car 2 19.6505 -1.65441 0.5
248
894 553 300 300 car 2 19.6505 -1.65441 0.5
249
894 553 300 300 car 2 19.6505 -1.65441 0.5
250
917 546 300 300 car 2 19.6505 -1.65441 0.5
251
917 546 300 300 car 2 19.6505 -1.65441 0.5
252
939 548 300 300 car 2 19.6505 -1.65441 0.5
253
939 548 300 300 car 2 19.6505 -1.65441 0.5
254
939 548 300 300 car 2 19.6505 -1.65441 0.5
255
966 557 300 300 car 2 19.6505 -1.65441 0.5
256
966 557 300 300 car 2 19.6505 -1.65441 0.5
257
979 554 300 300 car 2 19.6505 -1.65441 0.5
258
979 554 300 300 car 2 19.6505 -1.65441 0.5
259
993 550 300 300 car 2 19.6505 -1.65441 0.5
260
1003 548 300 300 car 2 19.6505 -1.65441 0.5
261
1014 546 300 300 car 2 19.6505 -1.65441 0.5
262
1014 546 300 300 car 2 19.6505 -1.65441 0.5
263
1036 546 300 300 car 2 19.6505 -1.65441 0.5
264
1036 546 300 300 car 2 19.6505 -1.65441 0.5
265
1058 544 300 300 car 2 19.6505 -1.65441 0.5
266
1058 544 300 300 car 2 19.6505 -1.65441 0.5
267
1058 544 300 300 car 2 19.6505 -1.65441 0.5
899 620 300 300 DontCare 83 11.9849 -1.80452 0.5
268
1073 544 300 300 car 2 19.6505 -1.65441 0.5
899 620 300 300 DontCare 83 11.9849 -1.80452 0.5
269
1073 544 300 300 car 2 19.6505 -1.65441 0.5
906 617 300 300 DontCare 83 11.9849 -1.80452 0.5
270
1103 540 300 300 car 2 19.6505 -1.65441 0.5
906 617 300 300 DontCare 83 11.9849 -1.80452 0.5
271
1103 540 300 300 car 2 19.6505 -1.65441 0.5
917 617 300 300 DontCare 83 11.9849 -1.80452 0.5
272
1152 535 300 300 car 2 19.6505 -1.65441 0.5
933 617 300 300 DontCare 83 11.9849 -1.80452 0.5
273
1193 525 300 300 car 2 19.6505 -1.65441 0.5
933 617 300 300 DontCare 83 11.9849 -1.80452 0.5
274
993 609 300 300 DontCare 83 11.9849 -1.80452 0.5
275
993 609 300 300 DontCare 83 11.9849 -1.80452 0.5
276
1121 606 300 300 DontCare 83 11.9849 -1.80452 0.5
277
1121 606 300 300 DontCare 83 11.9849 -1.80452 0.5
278
1121 606 300 300 DontCare 83 11.9849 -1.80452 0.5
279
828 628 300 300 DontCare 83 11.9849 -1.80452 0.5
280
921 624 300 300 DontCare 83 11.9849 -1.80452 0.5
281
1026 620 300 300 DontCare 83 11.9849 -1.80452 0.5
282
1142 616 300 300 DontCare 83 11.9849 -1.80452 0.5
283
1269 612 300 300 DontCare 83 11.9849 -1.80452 0.5
284
240 775 300 300 DontCare 83 11.9849 -1.80452 0.5
290
171 587 300 300 DontCare 3 48.0596 16.0222 0.5
291
171 587 300 300 DontCare 3 48.0596 16.0222 0.5
292
373 585 300 300 DontCare 3 48.0596 16.0222 0.5
471 580 300 300 car 84 16.1904 1.88686 0.5
293
458 583 300 300 DontCare 3 48.0596 16.0222 0.5
560 577 300 300 car 84 16.1904 1.88686 0.5
752 595 300 300 car 85 11.7541 -0.371955 0.5
294
537 579 300 300 DontCare 3 48.0596 16.0222 0.5
642 572 300 300 car 84 16.1904 1.88686 0.5
844 587 300 300 car 85 11.7541 -0.371955 0.5
295
605 575 300 300 DontCare 3 48.0596 16.0222 0.5
714 568 300 300 car 84 16.1904 1.88686 0.5
926 580 300 300 car 85 11.7541 -0.371955 0.5
296
605 575 300 300 DontCare 3 48.0596 16.0222 0.5
774 568 300 300 car 84 16.1904 1.88686 0.5
998 579 300 300 car 85 11.7541 -0.371955 0.5
297
711 576 300 300 DontCare 3 48.0596 16.0222 0.5
826 570 300 300 car 84 16.1904 1.88686 0.5
1065 580 300 300 car 85 11.7541 -0.371955 0.5
298
711 576 300 300 DontCare 3 48.0596 16.0222 0.5
863 560 300 300 car 84 16.1904 1.88686 0.5
1115 569 300 300 car 85 11.7541 -0.371955 0.5
299
711 576 300 300 DontCare 3 48.0596 16.0222 0.5
897 558 300 300 car 84 16.1904 1.88686 0.5
1162 566 300 300 car 85 11.7541 -0.371955 0.5
300
795 562 300 300 DontCare 3 48.0596 16.0222 0.5
916 556 300 300 car 84 16.1904 1.88686 0.5
1190 564 300 300 car 85 11.7541 -0.371955 0.5
301
795 562 300 300 DontCare 3 48.0596 16.0222 0.5
934 555 300 300 car 84 16.1904 1.88686 0.5
1217 565 300 300 car 85 11.7541 -0.371955 0.5
302
818 558 300 300 DontCare 3 48.0596 16.0222 0.5
942 553 300 300 car 84 16.1904 1.88686 0.5
1232 563 300 300 car 85 11.7541 -0.371955 0.5
303
818 558 300 300 DontCare 3 48.0596 16.0222 0.5
950 557 300 300 car 84 16.1904 1.88686 0.5
1246 566 300 300 car 85 11.7541 -0.371955 0.5
304
828 569 300 300 DontCare 3 48.0596 16.0222 0.5
955 562 300 300 car 84 16.1904 1.88686 0.5
1257 570 300 300 car 85 11.7541 -0.371955 0.5
305
828 569 300 300 DontCare 3 48.0596 16.0222 0.5
962 561 300 300 car 84 16.1904 1.88686 0.5
1271 569 300 300 car 85 11.7541 -0.371955 0.5
306
828 569 300 300 DontCare 3 48.0596 16.0222 0.5
970 558 300 300 car 84 16.1904 1.88686 0.5
1286 566 300 300 car 85 11.7541 -0.371955 0.5
307
843 566 300 300 DontCare 3 48.0596 16.0222 0.5
975 559 300 300 car 84 16.1904 1.88686 0.5
308
843 566 300 300 DontCare 3 48.0596 16.0222 0.5
980 559 300 300 car 84 16.1904 1.88686 0.5
1309 562 300 300 car 85 11.7541 -0.371955 0.5
309
848 567 300 300 DontCare 3 48.0596 16.0222 0.5
982 558 300 300 car 84 16.1904 1.88686 0.5
310
848 567 300 300 DontCare 3 48.0596 16.0222 0.5
986 560 300 300 car 84 16.1904 1.88686 0.5
1324 563 300 300 car 85 11.7541 -0.371955 0.5
311
853 571 300 300 DontCare 3 48.0596 16.0222 0.5
989 563 300 300 car 84 16.1904 1.88686 0.5
312
990 564 300 300 car 84 16.1904 1.88686 0.5
1324 568 300 300 car 85 11.7541 -0.371955 0.5
313
990 564 300 300 car 84 16.1904 1.88686 0.5
1324 568 300 300 car 85 11.7541 -0.371955 0.5
314
990 569 300 300 car 84 16.1904 1.88686 0.5
1324 574 300 300 car 85 11.7541 -0.371955 0.5
315
1324 576 300 300 car 85 11.7541 -0.371955 0.5
316
990 569 300 300 car 84 16.1904 1.88686 0.5
1324 574 300 300 car 85 11.7541 -0.371955 0.5
317
1323 574 300 300 car 85 11.7541 -0.371955 0.5
318
990 568 300 300 car 84 16.1904 1.88686 0.5
1323 574 300 300 car 85 11.7541 -0.371955 0.5
319
1323 573 300 300 car 85 11.7541 -0.371955 0.5
320
991 566 300 300 car 84 16.1904 1.88686 0.5
1324 572 300 300 car 85 11.7541 -0.371955 0.5
321
1324 568 300 300 car 85 11.7541 -0.371955 0.5
322
1324 567 300 300 car 85 11.7541 -0.371955 0.5
323
1002 559 300 300 car 84 16.1904 1.88686 0.5
1324 566 300 300 car 85 11.7541 -0.371955 0.5
324
1324 566 300 300 car 85 11.7541 -0.371955 0.5
325
1020 556 300 300 car 84 16.1904 1.88686 0.5
1324 566 300 300 car 85 11.7541 -0.371955 0.5
326
1324 567 300 300 car 85 11.7541 -0.371955 0.5
327
1047 555 300 300 car 84 16.1904 1.88686 0.5
1324 570 300 300 car 85 11.7541 -0.371955 0.5
328
1047 555 300 300 car 84 16.1904 1.88686 0.5
1324 570 300 300 car 85 11.7541 -0.371955 0.5
329
1086 555 300 300 car 84 16.1904 1.88686 0.5
330
1086 555 300 300 car 84 16.1904 1.88686 0.5
331
1086 555 300 300 car 84 16.1904 1.88686 0.5
332
1168 556 300 300 car 84 16.1904 1.88686 0.5
333
1168 556 300 300 car 84 16.1904 1.88686 0.5
334
1232 554 300 300 car 84 16.1904 1.88686 0.5
335
1266 553 300 300 car 84 16.1904 1.88686 0.5
382
277 680 300 300 DontCare 4 13.9561 4.42224 0.5
383
277 680 300 300 DontCare 4 13.9561 4.42224 0.5
384
418 678 300 300 DontCare 4 13.9561 4.42224 0.5
385
418 678 300 300 DontCare 4 13.9561 4.42224 0.5
386
547 677 300 300 DontCare 4 13.9561 4.42224 0.5
387
547 677 300 300 DontCare 4 13.9561 4.42224 0.5
388
654 681 300 300 DontCare 4 13.9561 4.42224 0.5
389
698 684 300 300 DontCare 4 13.9561 4.42224 0.5
390
698 684 300 300 DontCare 4 13.9561 4.42224 0.5
391
698 684 300 300 DontCare 4 13.9561 4.42224 0.5
392
774 570 300 300 car 5 11.061 -0.446672 0.5
393
794 569 300 300 car 5 11.061 -0.446672 0.5
394
794 569 300 300 car 5 11.061 -0.446672 0.5
395
822 561 300 300 car 5 11.061 -0.446672 0.5
396
822 561 300 300 car 5 11.061 -0.446672 0.5
397
842 555 300 300 car 5 11.061 -0.446672 0.5
398
842 555 300 300 car 5 11.061 -0.446672 0.5
399
848 547 300 300 car 5 11.061 -0.446672 0.5
400
848 547 300 300 car 5 11.061 -0.446672 0.5
401
848 547 300 300 car 5 11.061 -0.446672 0.5
402
844 537 300 300 car 5 11.061 -0.446672 0.5
403
844 537 300 300 car 5 11.061 -0.446672 0.5
404
835 538 300 300 car 5 11.061 -0.446672 0.5
405
835 538 300 300 car 5 11.061 -0.446672 0.5
406
821 540 300 300 car 5 11.061 -0.446672 0.5
407
821 540 300 300 car 5 11.061 -0.446672 0.5
408
805 540 300 300 car 5 11.061 -0.446672 0.5
409
805 540 300 300 car 5 11.061 -0.446672 0.5
410
805 540 300 300 car 5 11.061 -0.446672 0.5
411
782 536 300 300 car 5 11.061 -0.446672 0.5
412
782 536 300 300 car 5 11.061 -0.446672 0.5
413
765 535 300 300 car 5 11.061 -0.446672 0.5
414
765 535 300 300 car 5 11.061 -0.446672 0.5
415
754 534 300 300 car 5 11.061 -0.446672 0.5
416
754 534 300 300 car 5 11.061 -0.446672 0.5
417
754 534 300 300 car 5 11.061 -0.446672 0.5
418
755 534 300 300 car 5 11.061 -0.446672 0.5
419
755 534 300 300 car 5 11.061 -0.446672 0.5
420
773 533 300 300 car 5 11.061 -0.446672 0.5
421
773 533 300 300 car 5 11.061 -0.446672 0.5
422
773 533 300 300 car 5 11.061 -0.446672 0.5
423
823 535 300 300 car 5 11.061 -0.446672 0.5
424
823 535 300 300 car 5 11.061 -0.446672 0.5
425
853 535 300 300 car 5 11.061 -0.446672 0.5
426
853 535 300 300 car 5 11.061 -0.446672 0.5
427
833 540 300 300 car 5 11.061 -0.446672 0.5
428
833 540 300 300 car 5 11.061 -0.446672 0.5
429
809 544 300 300 car 5 11.061 -0.446672 0.5
430
809 544 300 300 car 5 11.061 -0.446672 0.5
431
782 550 300 300 car 5 11.061 -0.446672 0.5
432
782 550 300 300 car 5 11.061 -0.446672 0.5
433
763 556 300 300 car 5 11.061 -0.446672 0.5
434
763 556 300 300 car 5 11.061 -0.446672 0.5
435
750 568 300 300 car 5 11.061 -0.446672 0.5
436
750 568 300 300 car 5 11.061 -0.446672 0.5
437
750 568 300 300 car 5 11.061 -0.446672 0.5
438
727 575 300 300 car 5 11.061 -0.446672 0.5
439
727 575 300 300 car 5 11.061 -0.446672 0.5
440
712 579 300 300 car 5 11.061 -0.446672 0.5
441
712 579 300 300 car 5 11.061 -0.446672 0.5
442
698 582 300 300 car 5 11.061 -0.446672 0.5
443
698 582 300 300 car 5 11.061 -0.446672 0.5
444
682 583 300 300 car 5 11.061 -0.446672 0.5
445
682 583 300 300 car 5 11.061 -0.446672 0.5
446
682 583 300 300 car 5 11.061 -0.446672 0.5
447
660 580 300 300 car 5 11.061 -0.446672 0.5
448
660 580 300 300 car 5 11.061 -0.446672 0.5
449
656 576 300 300 car 5 11.061 -0.446672 0.5
1115 578 300 300 car 86 12.6043 -3.56962 0.5
450
656 576 300 300 car 5 11.061 -0.446672 0.5
1115 578 300 300 car 86 12.6043 -3.56962 0.5
451
656 575 300 300 car 5 11.061 -0.446672 0.5
1128 578 300 300 car 86 12.6043 -3.56962 0.5
452
656 575 300 300 car 5 11.061 -0.446672 0.5
1136 577 300 300 car 86 12.6043 -3.56962 0.5
453
656 573 300 300 car 5 11.061 -0.446672 0.5
1143 577 300 300 car 86 12.6043 -3.56962 0.5
454
656 573 300 300 car 5 11.061 -0.446672 0.5
1150 576 300 300 car 86 12.6043 -3.56962 0.5
455
656 573 300 300 car 5 11.061 -0.446672 0.5
1158 577 300 300 car 86 12.6043 -3.56962 0.5
456
651 576 300 300 car 5 11.061 -0.446672 0.5
1167 582 300 300 car 86 12.6043 -3.56962 0.5
457
651 576 300 300 car 5 11.061 -0.446672 0.5
1175 575 300 300 car 86 12.6043 -3.56962 0.5
458
646 572 300 300 car 5 11.061 -0.446672 0.5
1184 575 300 300 car 86 12.6043 -3.56962 0.5
459
646 572 300 300 car 5 11.061 -0.446672 0.5
1195 574 300 300 car 86 12.6043 -3.56962 0.5
460
642 568 300 300 car 5 11.061 -0.446672 0.5
461
642 568 300 300 car 5 11.061 -0.446672 0.5
462
641 570 300 300 car 5 11.061 -0.446672 0.5
463
641 570 300 300 car 5 11.061 -0.446672 0.5
464
638 571 300 300 car 5 11.061 -0.446672 0.5
465
638 571 300 300 car 5 11.061 -0.446672 0.5
466
634 569 300 300 car 5 11.061 -0.446672 0.5
467
634 569 300 300 car 5 11.061 -0.446672 0.5
468
630 571 300 300 car 5 11.061 -0.446672 0.5
469
630 571 300 300 car 5 11.061 -0.446672 0.5
470
630 571 300 300 car 5 11.061 -0.446672 0.5
471
624 566 300 300 car 5 11.061 -0.446672 0.5
491 580 300 300 car 87 21.1134 3.42881 0.5
472
624 566 300 300 car 5 11.061 -0.446672 0.5
487 581 300 300 car 87 21.1134 3.42881 0.5
473
620 570 300 300 car 5 11.061 -0.446672 0.5
487 581 300 300 car 87 21.1134 3.42881 0.5
474
620 570 300 300 car 5 11.061 -0.446672 0.5
482 585 300 300 car 87 21.1134 3.42881 0.5
475
616 568 300 300 car 5 11.061 -0.446672 0.5
479 584 300 300 car 87 21.1134 3.42881 0.5
476
616 568 300 300 car 5 11.061 -0.446672 0.5
477 582 300 300 car 87 21.1134 3.42881 0.5
477
613 565 300 300 car 5 11.061 -0.446672 0.5
474 583 300 300 car 87 21.1134 3.42881 0.5
478
613 565 300 300 car 5 11.061 -0.446672 0.5
472 584 300 300 car 87 21.1134 3.42881 0.5
479
613 566 300 300 car 5 11.061 -0.446672 0.5
472 586 300 300 car 87 21.1134 3.42881 0.5
480
613 566 300 300 car 5 11.061 -0.446672 0.5
472 587 300 300 car 87 21.1134 3.42881 0.5
481
613 566 300 300 car 5 11.061 -0.446672 0.5
472 587 300 300 car 87 21.1134 3.42881 0.5
482
616 561 300 300 car 5 11.061 -0.446672 0.5
473 585 300 300 car 87 21.1134 3.42881 0.5
483
616 561 300 300 car 5 11.061 -0.446672 0.5
484
621 565 300 300 car 5 11.061 -0.446672 0.5
485
621 565 300 300 car 5 11.061 -0.446672 0.5
486
629 568 300 300 car 5 11.061 -0.446672 0.5
487
629 568 300 300 car 5 11.061 -0.446672 0.5
488
640 557 300 300 car 5 11.061 -0.446672 0.5
489
640 557 300 300 car 5 11.061 -0.446672 0.5
490
650 570 300 300 car 5 11.061 -0.446672 0.5
491
650 570 300 300 car 5 11.061 -0.446672 0.5
492
655 572 300 300 car 5 11.061 -0.446672 0.5
493
655 572 300 300 car 5 11.061 -0.446672 0.5
494
655 572 300 300 car 5 11.061 -0.446672 0.5
495
665 563 300 300 car 5 11.061 -0.446672 0.5
496
665 563 300 300 car 5 11.061 -0.446672 0.5
408 563 300 300 bicycle 88 17.3735 4.47287 0.5
497
666 562 300 300 car 5 11.061 -0.446672 0.5
400 561 300 300 bicycle 88 17.3735 4.47287 0.5
498
666 562 300 300 car 5 11.061 -0.446672 0.5
387 561 300 300 bicycle 88 17.3735 4.47287 0.5
499
660 557 300 300 car 5 11.061 -0.446672 0.5
387 561 300 300 bicycle 88 17.3735 4.47287 0.5
500
660 557 300 300 car 5 11.061 -0.446672 0.5
370 556 300 300 bicycle 88 17.3735 4.47287 0.5
501
660 557 300 300 car 5 11.061 -0.446672 0.5
356 560 300 300 bicycle 88 17.3735 4.47287 0.5
502
649 559 300 300 car 5 11.061 -0.446672 0.5
503
649 559 300 300 car 5 11.061 -0.446672 0.5
504
642 562 300 300 car 5 11.061 -0.446672 0.5
505
642 562 300 300 car 5 11.061 -0.446672 0.5
506
635 561 300 300 car 5 11.061 -0.446672 0.5
507
635 561 300 300 car 5 11.061 -0.446672 0.5
508
629 561 300 300 car 5 11.061 -0.446672 0.5
509
629 561 300 300 car 5 11.061 -0.446672 0.5
510
626 561 300 300 car 5 11.061 -0.446672 0.5
511
626 561 300 300 car 5 11.061 -0.446672 0.5
512
623 557 300 300 car 5 11.061 -0.446672 0.5
513
623 557 300 300 car 5 11.061 -0.446672 0.5
514
623 557 300 300 car 5 11.061 -0.446672 0.5
515
619 554 300 300 car 5 11.061 -0.446672 0.5
516
619 554 300 300 car 5 11.061 -0.446672 0.5
517
617 550 300 300 car 5 11.061 -0.446672 0.5
518
617 550 300 300 car 5 11.061 -0.446672 0.5
519
620 545 300 300 car 5 11.061 -0.446672 0.5
520
620 545 300 300 car 5 11.061 -0.446672 0.5
521
626 545 300 300 car 5 11.061 -0.446672 0.5
522
626 545 300 300 car 5 11.061 -0.446672 0.5
523
634 549 300 300 car 5 11.061 -0.446672 0.5
977 585 300 300 car 89 19.1328 -3.32731 0.5
524
634 549 300 300 car 5 11.061 -0.446672 0.5
977 585 300 300 car 89 19.1328 -3.32731 0.5
525
642 544 300 300 car 5 11.061 -0.446672 0.5
977 585 300 300 car 89 19.1328 -3.32731 0.5
526
642 544 300 300 car 5 11.061 -0.446672 0.5
977 585 300 300 car 89 19.1328 -3.32731 0.5
527
642 544 300 300 car 5 11.061 -0.446672 0.5
977 585 300 300 car 89 19.1328 -3.32731 0.5
528
654 547 300 300 car 5 11.061 -0.446672 0.5
977 585 300 300 car 89 19.1328 -3.32731 0.5
529
654 547 300 300 car 5 11.061 -0.446672 0.5
977 585 300 300 car 89 19.1328 -3.32731 0.5
530
662 547 300 300 car 5 11.061 -0.446672 0.5
977 585 300 300 car 89 19.1328 -3.32731 0.5
531
662 547 300 300 car 5 11.061 -0.446672 0.5
977 585 300 300 car 89 19.1328 -3.32731 0.5
532
669 545 300 300 car 5 11.061 -0.446672 0.5
977 585 300 300 car 89 19.1328 -3.32731 0.5
533
669 545 300 300 car 5 11.061 -0.446672 0.5
1274 583 300 300 car 89 19.1328 -3.32731 0.5
534
675 542 300 300 car 5 11.061 -0.446672 0.5
1274 583 300 300 car 89 19.1328 -3.32731 0.5
535
675 542 300 300 car 5 11.061 -0.446672 0.5
920 668 300 300 car 89 19.1328 -3.32731 0.5
536
679 539 300 300 car 5 11.061 -0.446672 0.5
920 668 300 300 car 89 19.1328 -3.32731 0.5
537
679 539 300 300 car 5 11.061 -0.446672 0.5
935 669 300 300 car 89 19.1328 -3.32731 0.5
538
679 539 300 300 car 5 11.061 -0.446672 0.5
539
678 539 300 300 car 5 11.061 -0.446672 0.5
540
678 539 300 300 car 5 11.061 -0.446672 0.5
541
678 542 300 300 car 5 11.061 -0.446672 0.5
542
678 542 300 300 car 5 11.061 -0.446672 0.5
543
676 544 300 300 car 5 11.061 -0.446672 0.5
544
676 544 300 300 car 5 11.061 -0.446672 0.5
545
665 549 300 300 car 5 11.061 -0.446672 0.5
546
665 549 300 300 car 5 11.061 -0.446672 0.5
547
641 551 300 300 car 5 11.061 -0.446672 0.5
548
641 551 300 300 car 5 11.061 -0.446672 0.5
549
641 551 300 300 car 5 11.061 -0.446672 0.5
550
587 553 300 300 car 5 11.061 -0.446672 0.5
551
587 553 300 300 car 5 11.061 -0.446672 0.5
552
547 550 300 300 car 5 11.061 -0.446672 0.5
553
547 550 300 300 car 5 11.061 -0.446672 0.5
554
510 548 300 300 car 5 11.061 -0.446672 0.5
555
510 548 300 300 car 5 11.061 -0.446672 0.5
556
498 554 300 300 car 5 11.061 -0.446672 0.5
557
498 554 300 300 car 5 11.061 -0.446672 0.5
558
498 549 300 300 car 5 11.061 -0.446672 0.5
559
498 549 300 300 car 5 11.061 -0.446672 0.5
560
498 549 300 300 car 5 11.061 -0.446672 0.5
561
500 542 300 300 car 5 11.061 -0.446672 0.5
562
500 542 300 300 car 5 11.061 -0.446672 0.5
563
503 563 300 300 car 5 11.061 -0.446672 0.5
620
717 448 300 300 van 6 15.0483 -0.223387 0.5
621
717 448 300 300 van 6 15.0483 -0.223387 0.5
622
719 444 300 300 van 6 15.0483 -0.223387 0.5
623
719 444 300 300 van 6 15.0483 -0.223387 0.5
624
724 438 300 300 van 6 15.0483 -0.223387 0.5
625
724 438 300 300 van 6 15.0483 -0.223387 0.5
626
724 438 300 300 van 6 15.0483 -0.223387 0.5
627
729 433 300 300 van 6 15.0483 -0.223387 0.5
628
729 433 300 300 van 6 15.0483 -0.223387 0.5
629
733 430 300 300 van 6 15.0483 -0.223387 0.5
630
733 430 300 300 van 6 15.0483 -0.223387 0.5
631
736 429 300 300 van 6 15.0483 -0.223387 0.5
632
736 429 300 300 van 6 15.0483 -0.223387 0.5
633
738 429 300 300 van 6 15.0483 -0.223387 0.5
634
738 429 300 300 van 6 15.0483 -0.223387 0.5
635
738 429 300 300 van 6 15.0483 -0.223387 0.5
636
742 426 300 300 van 6 15.0483 -0.223387 0.5
637
742 426 300 300 van 6 15.0483 -0.223387 0.5
357 606 300 300 car 90 12.7197 3.33644 0.5
638
745 422 300 300 van 6 15.0483 -0.223387 0.5
357 606 300 300 car 90 12.7197 3.33644 0.5
639
745 422 300 300 van 6 15.0483 -0.223387 0.5
358 608 300 300 car 90 12.7197 3.33644 0.5
640
752 421 300 300 van 6 15.0483 -0.223387 0.5
360 612 300 300 car 90 12.7197 3.33644 0.5
641
752 421 300 300 van 6 15.0483 -0.223387 0.5
365 614 300 300 car 90 12.7197 3.33644 0.5
642
771 412 300 300 van 6 15.0483 -0.223387 0.5
374 614 300 300 car 90 12.7197 3.33644 0.5
643
771 412 300 300 van 6 15.0483 -0.223387 0.5
644
801 408 300 300 van 6 15.0483 -0.223387 0.5
645
801 408 300 300 van 6 15.0483 -0.223387 0.5
646
801 408 300 300 van 6 15.0483 -0.223387 0.5
647
48 815 300 300 van 6 15.0483 -0.223387 0.5
648
48 815 300 300 van 6 15.0483 -0.223387 0.5
649
114 825 300 300 van 6 15.0483 -0.223387 0.5
650
114 825 300 300 van 6 15.0483 -0.223387 0.5
651
193 840 300 300 van 6 15.0483 -0.223387 0.5
656
964 521 300 300 DontCare 7 55.9859 -11.964 0.5
657
964 521 300 300 DontCare 7 55.9859 -11.964 0.5
658
964 521 300 300 DontCare 7 55.9859 -11.964 0.5
659
963 525 300 300 DontCare 7 55.9859 -11.964 0.5
660
963 525 300 300 DontCare 7 55.9859 -11.964 0.5
661
930 522 300 300 DontCare 7 55.9859 -11.964 0.5
662
930 522 300 300 DontCare 7 55.9859 -11.964 0.5
663
930 522 300 300 DontCare 7 55.9859 -11.964 0.5
664
856 516 300 300 DontCare 7 55.9859 -11.964 0.5
665
856 516 300 300 DontCare 7 55.9859 -11.964 0.5
666
801 515 300 300 DontCare 7 55.9859 -11.964 0.5
667
801 515 300 300 DontCare 7 55.9859 -11.964 0.5
668
744 514 300 300 DontCare 7 55.9859 -11.964 0.5
669
744 514 300 300 DontCare 7 55.9859 -11.964 0.5
670
703 511 300 300 DontCare 7 55.9859 -11.964 0.5
671
703 511 300 300 DontCare 7 55.9859 -11.964 0.5
672
703 511 300 300 DontCare 7 55.9859 -11.964 0.5
673
677 507 300 300 DontCare 7 55.9859 -11.964 0.5
674
677 507 300 300 DontCare 7 55.9859 -11.964 0.5
675
684 504 300 300 DontCare 7 55.9859 -11.964 0.5
676
684 504 300 300 DontCare 7 55.9859 -11.964 0.5
915 512 300 300 van 91 14.5079 -2.03582 0.5
677
706 498 300 300 DontCare 7 55.9859 -11.964 0.5
915 512 300 300 van 91 14.5079 -2.03582 0.5
678
706 498 300 300 DontCare 7 55.9859 -11.964 0.5
973 493 300 300 van 91 14.5079 -2.03582 0.5
679
734 492 300 300 DontCare 7 55.9859 -11.964 0.5
973 493 300 300 van 91 14.5079 -2.03582 0.5
680
750 488 300 300 DontCare 7 55.9859 -11.964 0.5
1047 469 300 300 van 91 14.5079 -2.03582 0.5
682
1153 433 300 300 van 91 14.5079 -2.03582 0.5
683
1212 408 300 300 van 91 14.5079 -2.03582 0.5
684
511 599 300 300 van 91 14.5079 -2.03582 0.5
685
523 601 300 300 van 91 14.5079 -2.03582 0.5
693
1291 610 300 300 car 92 11.6624 -4.60865 0.5
694
1324 609 300 300 car 92 11.6624 -4.60865 0.5
695
1324 607 300 300 car 92 11.6624 -4.60865 0.5
696
1324 612 300 300 car 92 11.6624 -4.60865 0.5
697
1324 612 300 300 car 92 11.6624 -4.60865 0.5
698
1324 612 300 300 car 92 11.6624 -4.60865 0.5
699
1051 597 300 300 car 93 16.5699 -3.84449 0.5
700
1051 597 300 300 car 93 16.5699 -3.84449 0.5
701
1107 604 300 300 car 93 16.5699 -3.84449 0.5
702
1148 612 300 300 car 93 16.5699 -3.84449 0.5
703
1197 618 300 300 car 93 16.5699 -3.84449 0.5
704
1247 619 300 300 car 93 16.5699 -3.84449 0.5
705
1292 626 300 300 car 93 16.5699 -3.84449 0.5
752
1095 623 300 300 car 8 17.0764 -3.96202 0.5
753
1095 623 300 300 car 8 17.0764 -3.96202 0.5
754
1229 647 300 300 car 8 17.0764 -3.96202 0.5
755
1229 647 300 300 car 8 17.0764 -3.96202 0.5
756
424 623 300 300 car 8 17.0764 -3.96202 0.5
769
790 541 300 300 people 9 19.8444 -1.84527 0.5
770
790 541 300 300 people 9 19.8444 -1.84527 0.5
771
790 541 300 300 people 9 19.8444 -1.84527 0.5
772
780 541 300 300 people 9 19.8444 -1.84527 0.5
773
780 541 300 300 people 9 19.8444 -1.84527 0.5
774
825 543 300 300 people 9 19.8444 -1.84527 0.5
775
848 542 300 300 people 9 19.8444 -1.84527 0.5
809
787 563 300 300 car 10 25.7076 -1.07378 0.5
810
787 563 300 300 car 10 25.7076 -1.07378 0.5
811
792 565 300 300 car 10 25.7076 -1.07378 0.5
812
792 565 300 300 car 10 25.7076 -1.07378 0.5
813
809 571 300 300 car 10 25.7076 -1.07378 0.5
814
809 571 300 300 car 10 25.7076 -1.07378 0.5
815
837 572 300 300 car 10 25.7076 -1.07378 0.5
816
837 572 300 300 car 10 25.7076 -1.07378 0.5
817
837 572 300 300 car 10 25.7076 -1.07378 0.5
818
81 812 300 300 car 10 25.7076 -1.07378 0.5
819
81 812 300 300 car 10 25.7076 -1.07378 0.5
820
21 832 300 300 car 10 25.7076 -1.07378 0.5
821
21 832 300 300 car 10 25.7076 -1.07378 0.5
822
0 823 300 300 car 10 25.7076 -1.07378 0.5
829
818 563 300 300 DontCare 11 21.0297 -1.12855 0.5
830
838 558 300 300 DontCare 11 21.0297 -1.12855 0.5
831
857 560 300 300 DontCare 11 21.0297 -1.12855 0.5
832
874 557 300 300 DontCare 11 21.0297 -1.12855 0.5
833
893 558 300 300 DontCare 11 21.0297 -1.12855 0.5
834
912 558 300 300 DontCare 11 21.0297 -1.12855 0.5
835
934 556 300 300 DontCare 11 21.0297 -1.12855 0.5
836
959 552 300 300 DontCare 11 21.0297 -1.12855 0.5
837
959 552 300 300 DontCare 11 21.0297 -1.12855 0.5
838
959 552 300 300 DontCare 11 21.0297 -1.12855 0.5
839
959 552 300 300 DontCare 11 21.0297 -1.12855 0.5
840
735 541 300 300 car 12 22.7016 -0.619242 0.5
841
735 541 300 300 car 12 22.7016 -0.619242 0.5
842
780 538 300 300 car 12 22.7016 -0.619242 0.5
843
780 538 300 300 car 12 22.7016 -0.619242 0.5
844
777 540 300 300 car 12 22.7016 -0.619242 0.5
845
777 540 300 300 car 12 22.7016 -0.619242 0.5
846
777 540 300 300 car 12 22.7016 -0.619242 0.5
847
795 544 300 300 car 12 22.7016 -0.619242 0.5
848
795 544 300 300 car 12 22.7016 -0.619242 0.5
849
795 543 300 300 car 12 22.7016 -0.619242 0.5
850
807 553 300 300 car 12 22.7016 -0.619242 0.5
851
807 553 300 300 car 12 22.7016 -0.619242 0.5
852
807 553 300 300 car 12 22.7016 -0.619242 0.5
853
234 566 300 300 car 13 7.51023 2.57682 0.5
854
177 554 300 300 car 13 7.51023 2.57682 0.5
855
81 576 300 300 car 13 7.51023 2.57682 0.5
856
0 827 300 300 car 13 7.51023 2.57682 0.5
688 565 300 300 van 94 25.22 -0.0275103 0.5
857
688 565 300 300 van 94 25.22 -0.0275103 0.5
858
688 565 300 300 van 94 25.22 -0.0275103 0.5
859
781 563 300 300 van 94 25.22 -0.0275103 0.5
860
781 563 300 300 van 94 25.22 -0.0275103 0.5
861
855 559 300 300 van 94 25.22 -0.0275103 0.5
862
893 558 300 300 van 94 25.22 -0.0275103 0.5
863
929 558 300 300 van 94 25.22 -0.0275103 0.5
864
964 559 300 300 van 94 25.22 -0.0275103 0.5
865
1003 557 300 300 van 94 25.22 -0.0275103 0.5
866
1047 553 300 300 van 94 25.22 -0.0275103 0.5
867
1099 551 300 300 van 94 25.22 -0.0275103 0.5
868
1160 550 300 300 van 94 25.22 -0.0275103 0.5
869
1225 554 300 300 van 94 25.22 -0.0275103 0.5
870
1307 557 300 300 van 94 25.22 -0.0275103 0.5
871
568 561 300 300 car 14 25.4728 2.24124 0.5
919 625 300 300 van 94 25.22 -0.0275103 0.5
872
568 561 300 300 car 14 25.4728 2.24124 0.5
873
583 562 300 300 car 14 25.4728 2.24124 0.5
874
583 562 300 300 car 14 25.4728 2.24124 0.5
875
583 562 300 300 car 14 25.4728 2.24124 0.5
876
607 558 300 300 car 14 25.4728 2.24124 0.5
877
607 558 300 300 car 14 25.4728 2.24124 0.5
878
634 556 300 300 car 14 25.4728 2.24124 0.5
879
649 549 300 300 car 14 25.4728 2.24124 0.5
885
522 566 300 300 car 15 25.7946 3.34045 0.5
886
522 566 300 300 car 15 25.7946 3.34045 0.5
887
555 564 300 300 car 15 25.7946 3.34045 0.5
888
555 564 300 300 car 15 25.7946 3.34045 0.5
889
555 564 300 300 car 15 25.7946 3.34045 0.5
890
605 558 300 300 car 15 25.7946 3.34045 0.5
891
605 558 300 300 car 15 25.7946 3.34045 0.5
892
642 565 300 300 car 15 25.7946 3.34045 0.5
893
642 565 300 300 car 15 25.7946 3.34045 0.5
894
678 554 300 300 car 15 25.7946 3.34045 0.5
895
678 554 300 300 car 15 25.7946 3.34045 0.5
896
714 556 300 300 car 15 25.7946 3.34045 0.5
897
734 556 300 300 car 15 25.7946 3.34045 0.5
919
598 579 300 300 car 16 17.8815 1.78088 0.5
920
598 579 300 300 car 16 17.8815 1.78088 0.5
921
615 578 300 300 car 16 17.8815 1.78088 0.5
922
615 578 300 300 car 16 17.8815 1.78088 0.5
923
631 577 300 300 car 16 17.8815 1.78088 0.5
924
631 577 300 300 car 16 17.8815 1.78088 0.5
925
647 577 300 300 car 16 17.8815 1.78088 0.5
926
647 577 300 300 car 16 17.8815 1.78088 0.5
927
663 577 300 300 car 16 17.8815 1.78088 0.5
928
663 577 300 300 car 16 17.8815 1.78088 0.5
929
677 579 300 300 car 16 17.8815 1.78088 0.5
930
677 579 300 300 car 16 17.8815 1.78088 0.5
294 600 300 300 car 95 21.6057 7.04233 0.5
931
677 579 300 300 car 16 17.8815 1.78088 0.5
294 600 300 300 car 95 21.6057 7.04233 0.5
932
709 584 300 300 car 16 17.8815 1.78088 0.5
315 600 300 300 car 95 21.6057 7.04233 0.5
933
709 584 300 300 car 16 17.8815 1.78088 0.5
315 600 300 300 car 95 21.6057 7.04233 0.5
934
739 586 300 300 car 16 17.8815 1.78088 0.5
340 600 300 300 car 95 21.6057 7.04233 0.5
935
739 586 300 300 car 16 17.8815 1.78088 0.5
340 600 300 300 car 95 21.6057 7.04233 0.5
936
771 595 300 300 car 16 17.8815 1.78088 0.5
340 600 300 300 car 95 21.6057 7.04233 0.5
937
771 595 300 300 car 16 17.8815 1.78088 0.5
378 608 300 300 car 95 21.6057 7.04233 0.5
938
813 602 300 300 car 16 17.8815 1.78088 0.5
393 611 300 300 car 95 21.6057 7.04233 0.5
939
813 602 300 300 car 16 17.8815 1.78088 0.5
940
870 614 300 300 car 16 17.8815 1.78088 0.5
941
870 614 300 300 car 16 17.8815 1.78088 0.5
942
944 629 300 300 car 16 17.8815 1.78088 0.5
943
944 629 300 300 car 16 17.8815 1.78088 0.5
944
1039 640 300 300 car 16 17.8815 1.78088 0.5
945
1039 640 300 300 car 16 17.8815 1.78088 0.5
946
1039 640 300 300 car 16 17.8815 1.78088 0.5
947
1279 658 300 300 car 16 17.8815 1.78088 0.5
948
1279 658 300 300 car 16 17.8815 1.78088 0.5
949
0 555 300 300 car 16 17.8815 1.78088 0.5
950
29 557 300 300 car 16 17.8815 1.78088 0.5
93
1051 606 300 300 car 96 15.6046 -3.05089 0.5
994
1073 604 300 300 car 96 15.6046 -3.05089 0.5
995
1073 604 300 300 car 96 15.6046 -3.05089 0.5
996
1093 605 300 300 car 96 15.6046 -3.05089 0.5
997
1133 613 300 300 car 96 15.6046 -3.05089 0.5
998
1182 627 300 300 car 96 15.6046 -3.05089 0.5
999
1242 639 300 300 car 96 15.6046 -3.05089 0.5
1000
1324 650 300 300 car 96 15.6046 -3.05089 0.5
1026
1077 571 300 300 van 97 10.9672 -2.59505 0.5
1027
1105 575 300 300 van 97 10.9672 -2.59505 0.5
1028
664 604 300 300 car 17 27.8401 1.66818 0.5
1136 582 300 300 van 97 10.9672 -2.59505 0.5
1029
664 604 300 300 car 17 27.8401 1.66818 0.5
1186 593 300 300 van 97 10.9672 -2.59505 0.5
1030
1263 605 300 300 van 97 10.9672 -2.59505 0.5
646 606 300 300 car 17 27.8401 1.66818 0.5
1031
1221 665 300 300 van 97 10.9672 -2.59505 0.5
646 606 300 300 car 17 27.8401 1.66818 0.5
1032
1020 546 300 300 car 98 14.5573 -3.17733 0.5
1033
624 602 300 300 car 17 27.8401 1.66818 0.5
1034
624 602 300 300 car 17 27.8401 1.66818 0.5
1035
616 599 300 300 car 17 27.8401 1.66818 0.5
1036
616 599 300 300 car 17 27.8401 1.66818 0.5
1050
1020 546 300 300 car 98 14.5573 -3.17733 0.5
1051
1020 546 300 300 car 98 14.5573 -3.17733 0.5
1052
1030 549 300 300 car 98 14.5573 -3.17733 0.5
1053
1033 553 300 300 car 98 14.5573 -3.17733 0.5
1054
1036 555 300 300 car 98 14.5573 -3.17733 0.5
1055
1033 558 300 300 car 98 14.5573 -3.17733 0.5
1056
1031 556 300 300 car 98 14.5573 -3.17733 0.5
1110
568 597 300 300 car 18 32.4346 4.07815 0.5
1111
568 597 300 300 car 18 32.4346 4.07815 0.5
1112
568 597 300 300 car 18 32.4346 4.07815 0.5
1113
541 596 300 300 car 18 32.4346 4.07815 0.5
1114
541 596 300 300 car 18 32.4346 4.07815 0.5
1115
521 600 300 300 car 18 32.4346 4.07815 0.5
1116
521 600 300 300 car 18 32.4346 4.07815 0.5
1117
504 606 300 300 car 18 32.4346 4.07815 0.5
1118
504 606 300 300 car 18 32.4346 4.07815 0.5
1119
492 601 300 300 car 18 32.4346 4.07815 0.5
1120
492 601 300 300 car 18 32.4346 4.07815 0.5
1121
481 600 300 300 car 18 32.4346 4.07815 0.5
1122
481 600 300 300 car 18 32.4346 4.07815 0.5
1123
468 599 300 300 car 18 32.4346 4.07815 0.5
1124
468 599 300 300 car 18 32.4346 4.07815 0.5
1125
468 599 300 300 car 18 32.4346 4.07815 0.5
1126
449 598 300 300 car 18 32.4346 4.07815 0.5
1127
449 598 300 300 car 18 32.4346 4.07815 0.5
1128
447 597 300 300 car 18 32.4346 4.07815 0.5
1129
447 597 300 300 car 18 32.4346 4.07815 0.5
1130
469 596 300 300 car 18 32.4346 4.07815 0.5
1131
469 596 300 300 car 18 32.4346 4.07815 0.5
1132
520 599 300 300 car 18 32.4346 4.07815 0.5
1133
520 599 300 300 car 18 32.4346 4.07815 0.5
1134
618 636 300 300 car 18 32.4346 4.07815 0.5
1135
618 636 300 300 car 18 32.4346 4.07815 0.5
1136
740 584 300 300 car 18 32.4346 4.07815 0.5
1137
740 584 300 300 car 18 32.4346 4.07815 0.5
1138
891 577 300 300 car 18 32.4346 4.07815 0.5
1139
891 577 300 300 car 18 32.4346 4.07815 0.5
1140
1105 536 300 300 car 18 32.4346 4.07815 0.5
1141
1224 563 300 300 car 18 32.4346 4.07815 0.5
1142
538 625 300 300 car 18 32.4346 4.07815 0.5
1143
648 612 300 300 car 18 32.4346 4.07815 0.5
1144
648 612 300 300 car 18 32.4346 4.07815 0.5
1145
648 612 300 300 car 18 32.4346 4.07815 0.5
1146
334 540 300 300 van 20 9.95484 2.79584 0.5
1147
334 540 300 300 van 20 9.95484 2.79584 0.5
1148
514 529 300 300 van 20 9.95484 2.79584 0.5
1149
514 529 300 300 van 20 9.95484 2.79584 0.5
1150
514 529 300 300 van 20 9.95484 2.79584 0.5
1151
838 531 300 300 van 20 9.95484 2.79584 0.5
1152
838 531 300 300 van 20 9.95484 2.79584 0.5
1153
1112 516 300 300 van 20 9.95484 2.79584 0.5
1154
1112 516 300 300 van 20 9.95484 2.79584 0.5
1155
0 912 300 300 van 20 9.95484 2.79584 0.5
1156
46 924 300 300 van 20 9.95484 2.79584 0.5
1157
107 924 300 300 van 20 9.95484 2.79584 0.5
1158
155 924 300 300 van 20 9.95484 2.79584 0.5
79 659 300 300 car 99 12.752 4.90813 0.5
1159
155 924 300 300 van 20 9.95484 2.79584 0.5
79 659 300 300 car 99 12.752 4.90813 0.5
1160
421 794 300 300 van 20 9.95484 2.79584 0.5
79 659 300 300 car 99 12.752 4.90813 0.5
1161
433 794 300 300 van 20 9.95484 2.79584 0.5
128 634 300 300 car 99 12.752 4.90813 0.5
1162
114 628 300 300 car 99 12.752 4.90813 0.5
1163
114 628 300 300 car 99 12.752 4.90813 0.5
1164
29 601 300 300 car 99 12.752 4.90813 0.5
1165
0 573 300 300 car 99 12.752 4.90813 0.5
1166
0 546 300 300 car 99 12.752 4.90813 0.5
1167
249 415 300 300 car 99 12.752 4.90813 0.5
1168
824 442 300 300 people 21 14.9998 -1.34542 0.5
1169
824 442 300 300 people 21 14.9998 -1.34542 0.5
1170
752 443 300 300 people 21 14.9998 -1.34542 0.5
1171
752 443 300 300 people 21 14.9998 -1.34542 0.5
1172
652 446 300 300 people 21 14.9998 -1.34542 0.5
1173
652 446 300 300 people 21 14.9998 -1.34542 0.5
1174
652 446 300 300 people 21 14.9998 -1.34542 0.5
1175
476 450 300 300 people 21 14.9998 -1.34542 0.5
1176
476 450 300 300 people 21 14.9998 -1.34542 0.5
1177
337 454 300 300 people 21 14.9998 -1.34542 0.5
1178
258 457 300 300 people 21 14.9998 -1.34542 0.5
1191
456 501 300 300 DontCare 22 34.2931 5.57662 0.5
348 524 300 300 DontCare 100 24.2401 6.14961 0.5
1192
456 501 300 300 DontCare 22 34.2931 5.57662 0.5
255 523 300 300 DontCare 100 24.2401 6.14961 0.5
1193
295 503 300 300 DontCare 22 34.2931 5.57662 0.5
176 524 300 300 DontCare 100 24.2401 6.14961 0.5
1194
105 528 300 300 DontCare 100 24.2401 6.14961 0.5
295 503 300 300 DontCare 22 34.2931 5.57662 0.5
1195
44 529 300 300 DontCare 100 24.2401 6.14961 0.5
174 507 300 300 DontCare 22 34.2931 5.57662 0.5
1196
0 531 300 300 DontCare 100 24.2401 6.14961 0.5
174 507 300 300 DontCare 22 34.2931 5.57662 0.5
1197
312 562 300 300 DontCare 100 24.2401 6.14961 0.5
174 507 300 300 DontCare 22 34.2931 5.57662 0.5
1198
174 507 300 300 DontCare 22 34.2931 5.57662 0.5
1199
1198 622 300 300 DontCare 23 6.73061 -2.09796 0.5
1200
1198 622 300 300 DontCare 23 6.73061 -2.09796 0.5
1201
1287 646 300 300 DontCare 23 6.73061 -2.09796 0.5
1202
1287 646 300 300 DontCare 23 6.73061 -2.09796 0.5
1203
387 924 300 300 DontCare 23 6.73061 -2.09796 0.5
1204
1257 668 300 300 car 101 5.4925 -1.92479 0.5
387 924 300 300 DontCare 23 6.73061 -2.09796 0.5
1205
1119 632 300 300 car 101 5.4925 -1.92479 0.5
367 918 300 300 DontCare 23 6.73061 -2.09796 0.5
1206
1165 654 300 300 car 101 5.4925 -1.92479 0.5
367 918 300 300 DontCare 23 6.73061 -2.09796 0.5
1207
1232 683 300 300 car 101 5.4925 -1.92479 0.5
357 918 300 300 DontCare 23 6.73061 -2.09796 0.5
1208
1324 724 300 300 car 101 5.4925 -1.92479 0.5
367 910 300 300 DontCare 23 6.73061 -2.09796 0.5
1209
1324 724 300 300 car 101 5.4925 -1.92479 0.5
1210
1239 683 300 300 car 101 5.4925 -1.92479 0.5
1229
516 525 300 300 van 102 11.9649 1.45071 0.5
1230
489 512 300 300 DontCare 24 10.7532 1.56812 0.5
516 525 300 300 van 102 11.9649 1.45071 0.5
1231
489 512 300 300 DontCare 24 10.7532 1.56812 0.5
470 526 300 300 van 102 11.9649 1.45071 0.5
1232
226 496 300 300 DontCare 24 10.7532 1.56812 0.5
401 547 300 300 van 103 7.78242 1.52088 0.5
434 526 300 300 van 102 11.9649 1.45071 0.5
1233
226 496 300 300 DontCare 24 10.7532 1.56812 0.5
380 526 300 300 van 102 11.9649 1.45071 0.5
1234
556 514 300 300 DontCare 24 10.7532 1.56812 0.5
565 545 300 300 van 103 7.78242 1.52088 0.5
292 523 300 300 van 102 11.9649 1.45071 0.5
1235
556 514 300 300 DontCare 24 10.7532 1.56812 0.5
569 542 300 300 van 103 7.78242 1.52088 0.5
541 522 300 300 van 102 11.9649 1.45071 0.5
1236
563 507 300 300 DontCare 24 10.7532 1.56812 0.5
573 539 300 300 van 103 7.78242 1.52088 0.5
497 518 300 300 van 102 11.9649 1.45071 0.5
1237
563 507 300 300 DontCare 24 10.7532 1.56812 0.5
1238
575 507 300 300 DontCare 24 10.7532 1.56812 0.5
1239
575 507 300 300 DontCare 24 10.7532 1.56812 0.5
1240
589 498 300 300 DontCare 24 10.7532 1.56812 0.5
1241
589 498 300 300 DontCare 24 10.7532 1.56812 0.5
1242
589 498 300 300 DontCare 24 10.7532 1.56812 0.5
1243
610 492 300 300 DontCare 24 10.7532 1.56812 0.5
1244
610 492 300 300 DontCare 24 10.7532 1.56812 0.5
1245
611 491 300 300 DontCare 24 10.7532 1.56812 0.5
1246
611 491 300 300 DontCare 24 10.7532 1.56812 0.5
1247
605 485 300 300 DontCare 24 10.7532 1.56812 0.5
1248
605 485 300 300 DontCare 24 10.7532 1.56812 0.5
1249
598 483 300 300 DontCare 24 10.7532 1.56812 0.5
1250
592 479 300 300 DontCare 24 10.7532 1.56812 0.5
1266
501 487 300 300 people 25 26.2224 3.75566 0.5
1267
452 482 300 300 people 25 26.2224 3.75566 0.5
1268
396 479 300 300 people 25 26.2224 3.75566 0.5
1269
332 474 300 300 people 25 26.2224 3.75566 0.5
1270
251 471 300 300 people 25 26.2224 3.75566 0.5
1271
151 463 300 300 people 25 26.2224 3.75566 0.5
1272
138 465 300 300 people 25 26.2224 3.75566 0.5
1273
121 463 300 300 people 25 26.2224 3.75566 0.5
1295
1095 586 300 300 car 26 13.1488 -3.35464 0.5
1296
1088 585 300 300 car 26 13.1488 -3.35464 0.5
1297
1080 586 300 300 car 26 13.1488 -3.35464 0.5
1298
1072 585 300 300 car 26 13.1488 -3.35464 0.5
1299
1064 587 300 300 car 26 13.1488 -3.35464 0.5
1300
1058 590 300 300 car 26 13.1488 -3.35464 0.5
1301
1050 593 300 300 car 26 13.1488 -3.35464 0.5
1302
1047 594 300 300 car 26 13.1488 -3.35464 0.5
1303
1047 593 300 300 car 26 13.1488 -3.35464 0.5
1477
522 568 300 300 car 27 18.8816 2.60169 0.5
1478
522 568 300 300 car 27 18.8816 2.60169 0.5
1479
522 568 300 300 car 27 18.8816 2.60169 0.5
1480
462 572 300 300 car 27 18.8816 2.60169 0.5
1481
462 572 300 300 car 27 18.8816 2.60169 0.5
1482
427 556 300 300 car 27 18.8816 2.60169 0.5
1483
427 556 300 300 car 27 18.8816 2.60169 0.5
1484
427 556 300 300 car 27 18.8816 2.60169 0.5
1485
347 554 300 300 car 27 18.8816 2.60169 0.5
1486
347 554 300 300 car 27 18.8816 2.60169 0.5
1487
347 554 300 300 car 27 18.8816 2.60169 0.5
1488
158 644 300 300 car 27 18.8816 2.60169 0.5
1489
158 644 300 300 car 27 18.8816 2.60169 0.5
1490
19 659 300 300 car 27 18.8816 2.60169 0.5
1491
19 659 300 300 car 27 18.8816 2.60169 0.5
1492
1085 586 300 300 car 27 18.8816 2.60169 0.5
1493
1085 586 300 300 car 27 18.8816 2.60169 0.5
1494
1193 616 300 300 car 27 18.8816 2.60169 0.5
1495
1193 616 300 300 car 27 18.8816 2.60169 0.5
1496
1324 639 300 300 car 27 18.8816 2.60169 0.5
1501
1092 584 300 300 car 104 12.7903 -3.26318 0.5
1502
1092 584 300 300 car 104 12.7903 -3.26318 0.5
1503
1123 592 300 300 car 104 12.7903 -3.26318 0.5
1504
1137 592 300 300 car 104 12.7903 -3.26318 0.5
1505
1159 592 300 300 car 104 12.7903 -3.26318 0.5
1506
1178 591 300 300 car 104 12.7903 -3.26318 0.5
1507
1199 592 300 300 car 104 12.7903 -3.26318 0.5
1508
1274 591 300 300 car 104 12.7903 -3.26318 0.5
1509
499 601 300 300 car 105 15.3559 2.66322 0.5
1510
491 602 300 300 car 105 15.3559 2.66322 0.5
1511
483 606 300 300 car 105 15.3559 2.66322 0.5
1512
472 605 300 300 car 105 15.3559 2.66322 0.5
1513
460 605 300 300 car 105 15.3559 2.66322 0.5
1514
460 605 300 300 car 105 15.3559 2.66322 0.5
1515
231 725 300 300 car 105 15.3559 2.66322 0.5
1516
192 739 300 300 car 105 15.3559 2.66322 0.5
1517
148 756 300 300 car 105 15.3559 2.66322 0.5
1518
80 784 300 300 car 105 15.3559 2.66322 0.5
1519
0 816 300 300 car 105 15.3559 2.66322 0.5
1520
0 810 300 300 car 105 15.3559 2.66322 0.5
1579
661 568 300 300 DontCare 28 10.9607 0.681005 0.5
1580
661 568 300 300 DontCare 28 10.9607 0.681005 0.5
1581
596 574 300 300 DontCare 28 10.9607 0.681005 0.5
1582
561 566 300 300 DontCare 28 10.9607 0.681005 0.5
1617
265 573 300 300 car 106 12.0922 3.3961 0.5
1618
42 512 300 300 DontCare 29 10.913 4.84453 0.5
338 580 300 300 car 106 12.0922 3.3961 0.5
1619
110 516 300 300 DontCare 29 10.913 4.84453 0.5
285 577 300 300 car 107 10.9754 3.08245 0.5
414 585 300 300 car 106 12.0922 3.3961 0.5
1620
95 521 300 300 DontCare 29 10.913 4.84453 0.5
364 585 300 300 car 107 10.9754 3.08245 0.5
403 592 300 300 car 106 12.0922 3.3961 0.5
1621
80 526 300 300 DontCare 29 10.913 4.84453 0.5
446 590 300 300 car 107 10.9754 3.08245 0.5
484 597 300 300 car 106 12.0922 3.3961 0.5
1622
65 529 300 300 DontCare 29 10.913 4.84453 0.5
436 593 300 300 car 107 10.9754 3.08245 0.5
475 598 300 300 car 106 12.0922 3.3961 0.5
1623
49 533 300 300 DontCare 29 10.913 4.84453 0.5
565 603 300 300 car 106 12.0922 3.3961 0.5
1624
397 600 300 300 car 107 10.9754 3.08245 0.5
655 604 300 300 car 106 12.0922 3.3961 0.5
1625
746 602 300 300 car 106 12.0922 3.3961 0.5
1626
382 597 300 300 car 107 10.9754 3.08245 0.5
839 600 300 300 car 106 12.0922 3.3961 0.5
1627
931 597 300 300 car 106 12.0922 3.3961 0.5
1628
1020 595 300 300 car 106 12.0922 3.3961 0.5
1629
1109 592 300 300 car 106 12.0922 3.3961 0.5
1630
1195 589 300 300 car 106 12.0922 3.3961 0.5
1631
1278 588 300 300 car 106 12.0922 3.3961 0.5
1632
1324 588 300 300 car 106 12.0922 3.3961 0.5
1633
1324 588 300 300 car 106 12.0922 3.3961 0.5
1634
1324 588 300 300 car 106 12.0922 3.3961 0.5
1635
261 589 300 300 car 108 12.2118 3.14397 0.5
1636
317 589 300 300 car 108 12.2118 3.14397 0.5
1637
364 588 300 300 car 108 12.2118 3.14397 0.5
1638
362 586 300 300 car 108 12.2118 3.14397 0.5
1639
359 587 300 300 car 108 12.2118 3.14397 0.5
1640
357 590 300 300 car 108 12.2118 3.14397 0.5
1641
355 591 300 300 car 108 12.2118 3.14397 0.5
1642
353 592 300 300 car 108 12.2118 3.14397 0.5
1643
352 593 300 300 car 108 12.2118 3.14397 0.5
1644
352 595 300 300 car 108 12.2118 3.14397 0.5
1649
186 546 300 300 DontCare 30 8.8923 2.98518 0.5
1650
183 540 300 300 DontCare 30 8.8923 2.98518 0.5
1651
181 538 300 300 DontCare 30 8.8923 2.98518 0.5
1652
176 537 300 300 DontCare 30 8.8923 2.98518 0.5
1653
171 537 300 300 DontCare 30 8.8923 2.98518 0.5
1654
165 534 300 300 DontCare 30 8.8923 2.98518 0.5
1655
165 534 300 300 DontCare 30 8.8923 2.98518 0.5
1656
165 534 300 300 DontCare 30 8.8923 2.98518 0.5
1657
511 561 300 300 van 31 13.4014 1.5376 0.5
1658
507 560 300 300 van 31 13.4014 1.5376 0.5
1659
505 557 300 300 van 31 13.4014 1.5376 0.5
1660
501 553 300 300 van 31 13.4014 1.5376 0.5
1661
497 555 300 300 van 31 13.4014 1.5376 0.5
1662
492 553 300 300 van 31 13.4014 1.5376 0.5
1663
491 555 300 300 van 31 13.4014 1.5376 0.5
1664
492 556 300 300 van 31 13.4014 1.5376 0.5
1665
492 552 300 300 van 31 13.4014 1.5376 0.5
1666
497 551 300 300 van 31 13.4014 1.5376 0.5
1667
499 547 300 300 van 31 13.4014 1.5376 0.5
1668
505 543 300 300 van 31 13.4014 1.5376 0.5
1678
748 560 300 300 car 32 22.0667 -1.16939 0.5
1679
748 560 300 300 car 32 22.0667 -1.16939 0.5
1680
748 560 300 300 car 32 22.0667 -1.16939 0.5
1681
842 551 300 300 car 32 22.0667 -1.16939 0.5
1682
842 551 300 300 car 32 22.0667 -1.16939 0.5
1683
916 553 300 300 car 32 22.0667 -1.16939 0.5
1684
963 552 300 300 car 32 22.0667 -1.16939 0.5
1685
963 552 300 300 car 32 22.0667 -1.16939 0.5
1686
1072 546 300 300 car 32 22.0667 -1.16939 0.5
1687
1132 550 300 300 car 32 22.0667 -1.16939 0.5
1697
600 582 300 300 car 33 14.9165 0.634967 0.5
1698
600 582 300 300 car 33 14.9165 0.634967 0.5
1699
710 569 300 300 car 33 14.9165 0.634967 0.5
1700
710 569 300 300 car 33 14.9165 0.634967 0.5
1701
817 568 300 300 car 33 14.9165 0.634967 0.5
1702
866 563 300 300 car 33 14.9165 0.634967 0.5
1703
916 560 300 300 car 33 14.9165 0.634967 0.5
1704
969 565 300 300 car 33 14.9165 0.634967 0.5
1719
580 581 300 300 car 34 19.6574 1.43924 0.5
1720
580 581 300 300 car 34 19.6574 1.43924 0.5
1721
658 578 300 300 car 34 19.6574 1.43924 0.5
1722
706 580 300 300 car 34 19.6574 1.43924 0.5
1723
761 582 300 300 car 34 19.6574 1.43924 0.5
1724
822 583 300 300 car 34 19.6574 1.43924 0.5
1725
892 584 300 300 car 34 19.6574 1.43924 0.5
1726
972 584 300 300 car 34 19.6574 1.43924 0.5
1727
1061 590 300 300 car 34 19.6574 1.43924 0.5
1728
1174 598 300 300 car 34 19.6574 1.43924 0.5
1729
1312 592 300 300 car 34 19.6574 1.43924 0.5
1730
0 778 300 300 car 34 19.6574 1.43924 0.5
1755
391 607 300 300 DontCare 109 23.1928 5.60296 0.5
1756
373 583 300 300 DontCare 110 22.153 5.53955 0.5
392 609 300 300 DontCare 109 23.1928 5.60296 0.5
1757
393 608 300 300 DontCare 109 23.1928 5.60296 0.5
1758
330 576 300 300 DontCare 35 21.1503 5.44523 0.5
375 587 300 300 DontCare 110 22.153 5.53955 0.5
394 612 300 300 DontCare 109 23.1928 5.60296 0.5
1759
331 577 300 300 DontCare 35 21.1503 5.44523 0.5
376 587 300 300 DontCare 110 22.153 5.53955 0.5
396 612 300 300 DontCare 109 23.1928 5.60296 0.5
1760
330 575 300 300 DontCare 35 21.1503 5.44523 0.5
376 585 300 300 DontCare 110 22.153 5.53955 0.5
396 610 300 300 DontCare 109 23.1928 5.60296 0.5
1761
329 576 300 300 DontCare 35 21.1503 5.44523 0.5
376 586 300 300 DontCare 110 22.153 5.53955 0.5
1762
328 576 300 300 DontCare 35 21.1503 5.44523 0.5
1767
649 569 300 300 car 36 23.2294 1.192 0.5
1768
649 569 300 300 car 36 23.2294 1.192 0.5
1769
657 560 300 300 car 36 23.2294 1.192 0.5
1770
657 560 300 300 car 36 23.2294 1.192 0.5
1771
665 545 300 300 car 36 23.2294 1.192 0.5
1772
665 545 300 300 car 36 23.2294 1.192 0.5
1773
674 549 300 300 car 36 23.2294 1.192 0.5
1774
674 549 300 300 car 36 23.2294 1.192 0.5
1775
683 552 300 300 car 36 23.2294 1.192 0.5
538 626 300 300 DontCare 111 22.7313 3.37187 0.5
1776
683 552 300 300 car 36 23.2294 1.192 0.5
538 626 300 300 DontCare 111 22.7313 3.37187 0.5
1777
683 552 300 300 car 36 23.2294 1.192 0.5
547 625 300 300 DontCare 111 22.7313 3.37187 0.5
472 629 300 300 DontCare 112 18.6952 3.27545 0.5
1778
695 548 300 300 car 36 23.2294 1.192 0.5
549 623 300 300 DontCare 111 22.7313 3.37187 0.5
445 630 300 300 DontCare 112 18.6952 3.27545 0.5
1779
695 548 300 300 car 36 23.2294 1.192 0.5
753 721 300 300 DontCare 112 18.6952 3.27545 0.5
1780
696 543 300 300 car 36 23.2294 1.192 0.5
548 619 300 300 DontCare 111 22.7313 3.37187 0.5
763 765 300 300 DontCare 112 18.6952 3.27545 0.5
1781
696 543 300 300 car 36 23.2294 1.192 0.5
547 618 300 300 DontCare 111 22.7313 3.37187 0.5
780 834 300 300 DontCare 112 18.6952 3.27545 0.5
326 615 300 300 DontCare 113 9.87903 2.91458 0.5
1782
696 540 300 300 car 36 23.2294 1.192 0.5
749 924 300 300 DontCare 113 9.87903 2.91458 0.5
1783
696 540 300 300 car 36 23.2294 1.192 0.5
541 617 300 300 DontCare 111 22.7313 3.37187 0.5
639 862 300 300 DontCare 113 9.87903 2.91458 0.5
1784
692 547 300 300 car 36 23.2294 1.192 0.5
1785
692 547 300 300 car 36 23.2294 1.192 0.5
1786
690 543 300 300 car 36 23.2294 1.192 0.5
1787
690 543 300 300 car 36 23.2294 1.192 0.5
1788
686 545 300 300 car 36 23.2294 1.192 0.5
1789
686 545 300 300 car 36 23.2294 1.192 0.5
1790
686 545 300 300 car 36 23.2294 1.192 0.5
1791
682 552 300 300 car 36 23.2294 1.192 0.5
1792
682 552 300 300 car 36 23.2294 1.192 0.5
402 592 300 300 car 114 17.0513 3.56514 0.5
1793
680 552 300 300 car 36 23.2294 1.192 0.5
394 586 300 300 car 114 17.0513 3.56514 0.5
1794
680 552 300 300 car 36 23.2294 1.192 0.5
388 587 300 300 car 114 17.0513 3.56514 0.5
1795
677 561 300 300 car 36 23.2294 1.192 0.5
380 596 300 300 car 114 17.0513 3.56514 0.5
1796
677 561 300 300 car 36 23.2294 1.192 0.5
375 584 300 300 car 114 17.0513 3.56514 0.5
1797
679 542 300 300 car 36 23.2294 1.192 0.5
1798
679 542 300 300 car 36 23.2294 1.192 0.5
1799
680 545 300 300 car 36 23.2294 1.192 0.5
1800
680 545 300 300 car 36 23.2294 1.192 0.5
1801
680 544 300 300 car 36 23.2294 1.192 0.5
1802
680 544 300 300 car 36 23.2294 1.192 0.5
1803
682 542 300 300 car 36 23.2294 1.192 0.5
1804
682 542 300 300 car 36 23.2294 1.192 0.5
1805
683 544 300 300 car 36 23.2294 1.192 0.5
1806
683 544 300 300 car 36 23.2294 1.192 0.5
1807
683 544 300 300 car 36 23.2294 1.192 0.5
1808
686 538 300 300 car 36 23.2294 1.192 0.5
1809
686 538 300 300 car 36 23.2294 1.192 0.5
1810
688 541 300 300 car 36 23.2294 1.192 0.5
1811
688 541 300 300 car 36 23.2294 1.192 0.5
1812
689 532 300 300 car 36 23.2294 1.192 0.5
1813
689 532 300 300 car 36 23.2294 1.192 0.5
1814
689 532 300 300 car 36 23.2294 1.192 0.5
1815
689 533 300 300 car 36 23.2294 1.192 0.5
1816
689 533 300 300 car 36 23.2294 1.192 0.5
1817
689 532 300 300 car 36 23.2294 1.192 0.5
1818
689 532 300 300 car 36 23.2294 1.192 0.5
1819
688 522 300 300 car 36 23.2294 1.192 0.5
1820
688 522 300 300 car 36 23.2294 1.192 0.5
1821
688 522 300 300 car 36 23.2294 1.192 0.5
1822
688 522 300 300 car 36 23.2294 1.192 0.5
1823
688 515 300 300 car 36 23.2294 1.192 0.5
1824
688 515 300 300 car 36 23.2294 1.192 0.5
1825
689 519 300 300 car 36 23.2294 1.192 0.5
1826
689 519 300 300 car 36 23.2294 1.192 0.5
1827
689 519 300 300 car 36 23.2294 1.192 0.5
1828
688 516 300 300 car 36 23.2294 1.192 0.5
1829
688 516 300 300 car 36 23.2294 1.192 0.5
1830
688 517 300 300 car 36 23.2294 1.192 0.5
1831
688 517 300 300 car 36 23.2294 1.192 0.5
1832
688 504 300 300 car 36 23.2294 1.192 0.5
1833
688 504 300 300 car 36 23.2294 1.192 0.5
1834
686 494 300 300 car 36 23.2294 1.192 0.5
1835
686 494 300 300 car 36 23.2294 1.192 0.5
1836
687 502 300 300 car 36 23.2294 1.192 0.5
1837
687 502 300 300 car 36 23.2294 1.192 0.5
1838
687 502 300 300 car 36 23.2294 1.192 0.5
1839
685 498 300 300 car 36 23.2294 1.192 0.5
1840
685 498 300 300 car 36 23.2294 1.192 0.5
376 618 300 300 car 115 15.6847 3.54362 0.5
1841
676 470 300 300 car 36 23.2294 1.192 0.5
310 621 300 300 car 115 15.6847 3.54362 0.5
1842
676 470 300 300 car 36 23.2294 1.192 0.5
216 634 300 300 car 115 15.6847 3.54362 0.5
1843
657 490 300 300 car 36 23.2294 1.192 0.5
72 664 300 300 car 115 15.6847 3.54362 0.5
1844
657 490 300 300 car 36 23.2294 1.192 0.5
985 528 300 300 car 115 15.6847 3.54362 0.5
1845
634 482 300 300 car 36 23.2294 1.192 0.5
985 528 300 300 car 115 15.6847 3.54362 0.5
1846
634 482 300 300 car 36 23.2294 1.192 0.5
985 528 300 300 car 115 15.6847 3.54362 0.5
1847
615 473 300 300 car 36 23.2294 1.192 0.5
369 590 300 300 car 116 18.7207 3.93169 0.5
1848
615 473 300 300 car 36 23.2294 1.192 0.5
369 590 300 300 car 116 18.7207 3.93169 0.5
1849
592 484 300 300 car 36 23.2294 1.192 0.5
318 605 300 300 car 116 18.7207 3.93169 0.5
1850
592 484 300 300 car 36 23.2294 1.192 0.5
294 607 300 300 car 116 18.7207 3.93169 0.5
1851
578 486 300 300 car 36 23.2294 1.192 0.5
267 611 300 300 car 116 18.7207 3.93169 0.5
1852
578 486 300 300 car 36 23.2294 1.192 0.5
1853
578 486 300 300 car 36 23.2294 1.192 0.5
1854
567 488 300 300 car 36 23.2294 1.192 0.5
1855
562 488 300 300 car 36 23.2294 1.192 0.5
1856
556 488 300 300 car 36 23.2294 1.192 0.5
1857
551 489 300 300 car 36 23.2294 1.192 0.5
1894
419 639 300 300 car 117 12.1871 2.68787 0.5
1895
420 618 300 300 DontCare 37 31.3975 7.22509 0.5
411 641 300 300 car 117 12.1871 2.68787 0.5
1896
420 618 300 300 DontCare 37 31.3975 7.22509 0.5
403 643 300 300 car 117 12.1871 2.68787 0.5
1897
400 621 300 300 DontCare 37 31.3975 7.22509 0.5
1898
400 621 300 300 DontCare 37 31.3975 7.22509 0.5
1899
400 621 300 300 DontCare 37 31.3975 7.22509 0.5
1900
646 637 300 300 DontCare 38 19.9453 2.14209 0.5
1901
643 639 300 300 DontCare 38 19.9453 2.14209 0.5
1902
639 640 300 300 DontCare 38 19.9453 2.14209 0.5
1903
635 641 300 300 DontCare 38 19.9453 2.14209 0.5
1904
631 643 300 300 DontCare 38 19.9453 2.14209 0.5
1905
627 645 300 300 DontCare 38 19.9453 2.14209 0.5
1927
988 559 300 300 bicycle 39 11.9533 -2.39063 0.5
1928
1005 558 300 300 bicycle 39 11.9533 -2.39063 0.5
1929
1023 553 300 300 bicycle 39 11.9533 -2.39063 0.5
1930
1041 549 300 300 bicycle 39 11.9533 -2.39063 0.5
1931
1060 555 300 300 bicycle 39 11.9533 -2.39063 0.5
1932
1080 557 300 300 bicycle 39 11.9533 -2.39063 0.5
1933
1105 552 300 300 bicycle 39 11.9533 -2.39063 0.5
1934
1133 549 300 300 bicycle 39 11.9533 -2.39063 0.5
1935
1169 549 300 300 bicycle 39 11.9533 -2.39063 0.5
1936
1220 552 300 300 bicycle 39 11.9533 -2.39063 0.5
1937
1290 555 300 300 bicycle 39 11.9533 -2.39063 0.5
1938
1298 775 300 300 bicycle 39 11.9533 -2.39063 0.5
1939
1324 795 300 300 bicycle 39 11.9533 -2.39063 0.5
1956
411 589 300 300 car 118 48.7522 9.86339 0.5
1957
372 600 300 300 DontCare 40 32.5848 8.56176 0.5
408 587 300 300 car 118 48.7522 9.86339 0.5
1958
370 598 300 300 DontCare 40 32.5848 8.56176 0.5
406 585 300 300 car 118 48.7522 9.86339 0.5
1959
368 595 300 300 DontCare 40 32.5848 8.56176 0.5
405 582 300 300 car 118 48.7522 9.86339 0.5
1968
336 692 300 300 DontCare 119 15.734 4.96905 0.5
1969
332 686 300 300 DontCare 119 15.734 4.96905 0.5
1970
296 638 300 300 DontCare 41 14.6543 5.17138 0.5
1971
290 640 300 300 DontCare 41 14.6543 5.17138 0.5
288 707 300 300 DontCare 119 15.734 4.96905 0.5
1972
289 645 300 300 DontCare 41 14.6543 5.17138 0.5
92 797 300 300 DontCare 119 15.734 4.96905 0.5
1973
288 652 300 300 DontCare 41 14.6543 5.17138 0.5
1974
284 650 300 300 DontCare 41 14.6543 5.17138 0.5
1975
279 651 300 300 DontCare 41 14.6543 5.17138 0.5
1976
279 651 300 300 DontCare 41 14.6543 5.17138 0.5
1977
279 651 300 300 DontCare 41 14.6543 5.17138 0.5
1978
279 651 300 300 DontCare 41 14.6543 5.17138 0.5
376 622 300 300 car 120 15.6244 3.58321 0.5
1979
435 592 300 300 car 42 16.3342 3.37893 0.5
376 622 300 300 car 120 15.6244 3.58321 0.5
1980
431 593 300 300 car 42 16.3342 3.37893 0.5
371 620 300 300 car 120 15.6244 3.58321 0.5
1981
427 590 300 300 car 42 16.3342 3.37893 0.5
366 618 300 300 car 120 15.6244 3.58321 0.5
1982
423 590 300 300 car 42 16.3342 3.37893 0.5
361 619 300 300 car 120 15.6244 3.58321 0.5
1983
419 594 300 300 car 42 16.3342 3.37893 0.5
357 623 300 300 car 120 15.6244 3.58321 0.5
1984
415 589 300 300 car 42 16.3342 3.37893 0.5
357 623 300 300 car 120 15.6244 3.58321 0.5
1985
411 582 300 300 car 42 16.3342 3.37893 0.5
357 623 300 300 car 120 15.6244 3.58321 0.5
1986
247 617 300 300 car 121 10.3839 3.41156 0.5
1987
241 619 300 300 car 121 10.3839 3.41156 0.5
1988
235 621 300 300 car 121 10.3839 3.41156 0.5
1989
230 622 300 300 car 121 10.3839 3.41156 0.5
1994
911 437 300 300 van 43 13.8536 -2.45834 0.5
1995
930 427 300 300 van 43 13.8536 -2.45834 0.5
1996
972 408 300 300 van 43 13.8536 -2.45834 0.5
1997
972 408 300 300 van 43 13.8536 -2.45834 0.5
1998
1125 408 300 300 van 43 13.8536 -2.45834 0.5
1999
1245 408 300 300 van 43 13.8536 -2.45834 0.5
2000
1324 410 300 300 van 43 13.8536 -2.45834 0.5
2008
244 566 300 300 car 122 12.8939 3.75652 0.5
2009
239 561 300 300 car 122 12.8939 3.75652 0.5
2010
235 559 300 300 car 122 12.8939 3.75652 0.5
2011
230 566 300 300 car 122 12.8939 3.75652 0.5
2012
225 562 300 300 car 122 12.8939 3.75652 0.5
2039
953 540 300 300 car 123 10.9458 -1.84397 0.5
2040
860 523 300 300 car 123 10.9458 -1.84397 0.5
2041
755 531 300 300 car 123 10.9458 -1.84397 0.5
2042
629 539 300 300 car 123 10.9458 -1.84397 0.5
2043
735 539 300 300 DontCare 44 8.96403 0.0684828 0.5
482 535 300 300 car 123 10.9458 -1.84397 0.5
2044
611 539 300 300 DontCare 44 8.96403 0.0684828 0.5
322 535 300 300 car 123 10.9458 -1.84397 0.5
2045
471 546 300 300 DontCare 44 8.96403 0.0684828 0.5
135 543 300 300 car 123 10.9458 -1.84397 0.5
2046
324 551 300 300 DontCare 44 8.96403 0.0684828 0.5
625 849 300 300 car 123 10.9458 -1.84397 0.5
2047
138 583 300 300 DontCare 44 8.96403 0.0684828 0.5
386 924 300 300 car 123 10.9458 -1.84397 0.5
2048
0 589 300 300 DontCare 44 8.96403 0.0684828 0.5
2049
0 589 300 300 DontCare 44 8.96403 0.0684828 0.5
2050
0 589 300 300 DontCare 44 8.96403 0.0684828 0.5
2051
759 559 300 300 car 45 11.5134 -0.918762 0.5
2052
621 557 300 300 car 45 11.5134 -0.918762 0.5
2053
473 557 300 300 car 45 11.5134 -0.918762 0.5
2054
473 557 300 300 car 45 11.5134 -0.918762 0.5
2055
51 584 300 300 car 45 11.5134 -0.918762 0.5
2056
51 584 300 300 car 45 11.5134 -0.918762 0.5
2057
1005 754 300 300 car 45 11.5134 -0.918762 0.5
2058
1005 754 300 300 car 45 11.5134 -0.918762 0.5
2059
811 830 300 300 car 45 11.5134 -0.918762 0.5
2060
723 883 300 300 car 45 11.5134 -0.918762 0.5
2071
957 567 300 300 people 46 12.6186 -2.58163 0.5
2072
957 567 300 300 people 46 12.6186 -2.58163 0.5
2073
1015 577 300 300 people 46 12.6186 -2.58163 0.5
2074
1015 577 300 300 people 46 12.6186 -2.58163 0.5
2075
1132 592 300 300 people 46 12.6186 -2.58163 0.5
2076
1203 607 300 300 people 46 12.6186 -2.58163 0.5
2077
1304 628 300 300 people 46 12.6186 -2.58163 0.5
2082
934 572 300 300 people 47 19.5726 -3.12188 0.5
2083
941 567 300 300 people 47 19.5726 -3.12188 0.5
2084
950 586 300 300 people 47 19.5726 -3.12188 0.5
2085
950 586 300 300 people 47 19.5726 -3.12188 0.5
2086
1009 579 300 300 people 47 19.5726 -3.12188 0.5
2087
1009 579 300 300 people 47 19.5726 -3.12188 0.5
2088
1101 581 300 300 people 47 19.5726 -3.12188 0.5
2089
1101 581 300 300 people 47 19.5726 -3.12188 0.5
2090
1237 565 300 300 people 47 19.5726 -3.12188 0.5
2091
1222 557 300 300 people 47 19.5726 -3.12188 0.5
2092
1279 566 300 300 people 47 19.5726 -3.12188 0.5
2097
608 597 300 300 DontCare 48 16.5225 1.92239 0.5
2098
608 597 300 300 DontCare 48 16.5225 1.92239 0.5
2099
592 597 300 300 DontCare 48 16.5225 1.92239 0.5
2100
592 597 300 300 DontCare 48 16.5225 1.92239 0.5
2101
579 596 300 300 DontCare 48 16.5225 1.92239 0.5
2121
288 602 300 300 car 49 14.0225 4.13701 0.5
2122
288 602 300 300 car 49 14.0225 4.13701 0.5
2123
217 601 300 300 car 49 14.0225 4.13701 0.5
2124
159 606 300 300 car 49 14.0225 4.13701 0.5
2125
120 614 300 300 car 49 14.0225 4.13701 0.5
2126
81 626 300 300 car 49 14.0225 4.13701 0.5
2137
381 585 300 300 DontCare 50 15.1655 3.90441 0.5
2138
369 577 300 300 DontCare 50 15.1655 3.90441 0.5
2139
357 572 300 300 DontCare 50 15.1655 3.90441 0.5
2140
346 572 300 300 DontCare 50 15.1655 3.90441 0.5
2141
334 573 300 300 DontCare 50 15.1655 3.90441 0.5
2142
334 573 300 300 DontCare 50 15.1655 3.90441 0.5
2143
308 575 300 300 DontCare 50 15.1655 3.90441 0.5
2144
308 575 300 300 DontCare 50 15.1655 3.90441 0.5
2145
168 577 300 300 DontCare 50 15.1655 3.90441 0.5
2146
54 583 300 300 DontCare 50 15.1655 3.90441 0.5
2147
841 700 300 300 DontCare 50 15.1655 3.90441 0.5
2148
849 708 300 300 DontCare 50 15.1655 3.90441 0.5
2181
1157 513 300 300 people 51 8.53472 -2.82465 0.5
2182
1157 513 300 300 people 51 8.53472 -2.82465 0.5
2183
1136 505 300 300 people 51 8.53472 -2.82465 0.5
2184
1136 505 300 300 people 51 8.53472 -2.82465 0.5
2185
1136 505 300 300 people 51 8.53472 -2.82465 0.5
2186
1221 515 300 300 people 51 8.53472 -2.82465 0.5
2187
1258 499 300 300 people 51 8.53472 -2.82465 0.5
2188
1304 481 300 300 people 51 8.53472 -2.82465 0.5
2189
1324 469 300 300 people 51 8.53472 -2.82465 0.5
2190
1324 464 300 300 people 51 8.53472 -2.82465 0.5
2191
1324 467 300 300 people 51 8.53472 -2.82465 0.5
2192
1324 469 300 300 people 51 8.53472 -2.82465 0.5
2193
1324 469 300 300 people 51 8.53472 -2.82465 0.5
2194
1324 469 300 300 people 51 8.53472 -2.82465 0.5
2195
959 501 300 300 van 52 16.1844 -2.94418 0.5
2196
959 501 300 300 van 52 16.1844 -2.94418 0.5
2197
971 497 300 300 van 52 16.1844 -2.94418 0.5
2198
971 497 300 300 van 52 16.1844 -2.94418 0.5
2199
971 497 300 300 van 52 16.1844 -2.94418 0.5
2200
995 484 300 300 van 52 16.1844 -2.94418 0.5
2201
995 484 300 300 van 52 16.1844 -2.94418 0.5
2202
1011 478 300 300 van 52 16.1844 -2.94418 0.5
2203
1021 476 300 300 van 52 16.1844 -2.94418 0.5
2204
1033 475 300 300 van 52 16.1844 -2.94418 0.5
2205
1043 476 300 300 van 52 16.1844 -2.94418 0.5
2206
1053 474 300 300 van 52 16.1844 -2.94418 0.5
2207
1053 474 300 300 van 52 16.1844 -2.94418 0.5
2208
1071 474 300 300 van 52 16.1844 -2.94418 0.5
2209
1081 474 300 300 van 52 16.1844 -2.94418 0.5
2210
1081 474 300 300 van 52 16.1844 -2.94418 0.5
2211
1103 470 300 300 van 52 16.1844 -2.94418 0.5
2212
1103 470 300 300 van 52 16.1844 -2.94418 0.5
2213
1116 467 300 300 van 52 16.1844 -2.94418 0.5
2214
1116 467 300 300 van 52 16.1844 -2.94418 0.5
2215
1128 468 300 300 van 52 16.1844 -2.94418 0.5
2216
1128 468 300 300 van 52 16.1844 -2.94418 0.5
2217
1138 484 300 300 van 52 16.1844 -2.94418 0.5
2218
1138 499 300 300 van 52 16.1844 -2.94418 0.5
2219
1138 499 300 300 van 52 16.1844 -2.94418 0.5
2220
1151 540 300 300 van 52 16.1844 -2.94418 0.5
2221
1151 540 300 300 van 52 16.1844 -2.94418 0.5
2222
1169 581 300 300 van 52 16.1844 -2.94418 0.5
2223
1169 581 300 300 van 52 16.1844 -2.94418 0.5
2224
1187 587 300 300 van 52 16.1844 -2.94418 0.5
2225
1187 587 300 300 van 52 16.1844 -2.94418 0.5
2226
1211 586 300 300 van 52 16.1844 -2.94418 0.5
2227
1211 586 300 300 van 52 16.1844 -2.94418 0.5
2228
1211 586 300 300 van 52 16.1844 -2.94418 0.5
2229
1274 592 300 300 van 52 16.1844 -2.94418 0.5
2230
1274 592 300 300 van 52 16.1844 -2.94418 0.5
2231
1324 563 300 300 van 52 16.1844 -2.94418 0.5
2232
1324 507 300 300 van 52 16.1844 -2.94418 0.5
2237
992 621 300 300 car 53 14.3805 -2.80207 0.5
2238
992 621 300 300 car 53 14.3805 -2.80207 0.5
2239
992 621 300 300 car 53 14.3805 -2.80207 0.5
2240
1029 612 300 300 car 53 14.3805 -2.80207 0.5
2241
1029 612 300 300 car 53 14.3805 -2.80207 0.5
2242
1053 609 300 300 car 53 14.3805 -2.80207 0.5
2243
1053 609 300 300 car 53 14.3805 -2.80207 0.5
2244
1075 607 300 300 car 53 14.3805 -2.80207 0.5
2245
1075 607 300 300 car 53 14.3805 -2.80207 0.5
2246
1075 607 300 300 car 53 14.3805 -2.80207 0.5
2247
1111 610 300 300 car 53 14.3805 -2.80207 0.5
2248
1127 610 300 300 car 53 14.3805 -2.80207 0.5
2249
1142 608 300 300 car 53 14.3805 -2.80207 0.5
2250
1159 606 300 300 car 53 14.3805 -2.80207 0.5
2251
1177 610 300 300 car 53 14.3805 -2.80207 0.5
2252
1177 610 300 300 car 53 14.3805 -2.80207 0.5
2253
1212 597 300 300 car 53 14.3805 -2.80207 0.5
2254
1237 612 300 300 car 53 14.3805 -2.80207 0.5
2255
1237 612 300 300 car 53 14.3805 -2.80207 0.5
2256
1300 623 300 300 car 53 14.3805 -2.80207 0.5
2257
1300 623 300 300 car 53 14.3805 -2.80207 0.5
2258
1300 623 300 300 car 53 14.3805 -2.80207 0.5
2259
601 568 300 300 people 54 11.3982 0.518824 0.5
2260
601 568 300 300 people 54 11.3982 0.518824 0.5
2261
573 571 300 300 people 54 11.3982 0.518824 0.5
2262
549 569 300 300 people 54 11.3982 0.518824 0.5
2263
549 569 300 300 people 54 11.3982 0.518824 0.5
2264
293 668 300 300 people 54 11.3982 0.518824 0.5
2265
225 686 300 300 people 54 11.3982 0.518824 0.5
2266
225 686 300 300 people 54 11.3982 0.518824 0.5
2267
40 765 300 300 people 54 11.3982 0.518824 0.5
2268
944 753 300 300 people 54 11.3982 0.518824 0.5
2269
921 754 300 300 people 54 11.3982 0.518824 0.5
2348
596 549 300 300 DontCare 55 4.39396 -1.05997 0.5
2349
596 549 300 300 DontCare 55 4.39396 -1.05997 0.5
2350
596 549 300 300 DontCare 55 4.39396 -1.05997 0.5
2351
594 572 300 300 DontCare 55 4.39396 -1.05997 0.5
2352
594 572 300 300 DontCare 55 4.39396 -1.05997 0.5
2353
594 628 300 300 DontCare 55 4.39396 -1.05997 0.5
2354
595 661 300 300 DontCare 55 4.39396 -1.05997 0.5
2373
1072 507 300 300 people 56 10.6106 -2.86279 0.5
2374
1072 507 300 300 people 56 10.6106 -2.86279 0.5
2375
1106 499 300 300 people 56 10.6106 -2.86279 0.5
2376
1106 499 300 300 people 56 10.6106 -2.86279 0.5
2377
1106 499 300 300 people 56 10.6106 -2.86279 0.5
2378
1139 482 300 300 people 56 10.6106 -2.86279 0.5
2379
1139 482 300 300 people 56 10.6106 -2.86279 0.5
2380
1173 467 300 300 people 56 10.6106 -2.86279 0.5
2381
1173 467 300 300 people 56 10.6106 -2.86279 0.5
2382
1211 450 300 300 people 56 10.6106 -2.86279 0.5
2389
542 558 300 300 car 57 16.2746 1.7644 0.5
2390
542 558 300 300 car 57 16.2746 1.7644 0.5
2391
626 557 300 300 car 57 16.2746 1.7644 0.5
2392
626 557 300 300 car 57 16.2746 1.7644 0.5
2393
752 556 300 300 car 57 16.2746 1.7644 0.5
2394
826 558 300 300 car 57 16.2746 1.7644 0.5
2395
826 558 300 300 car 57 16.2746 1.7644 0.5
2396
1000 557 300 300 car 57 16.2746 1.7644 0.5
2397
1099 556 300 300 car 57 16.2746 1.7644 0.5
2398
1213 553 300 300 car 57 16.2746 1.7644 0.5
2399
1324 549 300 300 car 57 16.2746 1.7644 0.5
2416
237 601 300 300 car 58 6.18794 1.95692 0.5
2417
204 604 300 300 car 58 6.18794 1.95692 0.5
2418
141 608 300 300 car 58 6.18794 1.95692 0.5
2419
49 614 300 300 car 58 6.18794 1.95692 0.5
2420
0 622 300 300 car 58 6.18794 1.95692 0.5
2421
0 625 300 300 car 58 6.18794 1.95692 0.5
2427
363 573 300 300 car 59 8.67248 1.88333 0.5
2428
337 573 300 300 car 59 8.67248 1.88333 0.5
2429
303 573 300 300 car 59 8.67248 1.88333 0.5
2430
303 573 300 300 car 59 8.67248 1.88333 0.5
2431
230 577 300 300 car 59 8.67248 1.88333 0.5
2432
178 577 300 300 car 59 8.67248 1.88333 0.5
2433
178 577 300 300 car 59 8.67248 1.88333 0.5
2434
52 600 300 300 car 59 8.67248 1.88333 0.5
2435
0 639 300 300 car 59 8.67248 1.88333 0.5
2436
1231 898 300 300 car 59 8.67248 1.88333 0.5
2437
1231 898 300 300 car 59 8.67248 1.88333 0.5
2438
1231 898 300 300 car 59 8.67248 1.88333 0.5
2439
1231 898 300 300 car 59 8.67248 1.88333 0.5
2440
174 555 300 300 DontCare 60 5.65093 2.01667 0.5
2441
105 558 300 300 DontCare 60 5.65093 2.01667 0.5
2442
29 563 300 300 DontCare 60 5.65093 2.01667 0.5
2443
29 563 300 300 DontCare 60 5.65093 2.01667 0.5
2444
1229 899 300 300 DontCare 60 5.65093 2.01667 0.5
2445
986 780 300 300 DontCare 60 5.65093 2.01667 0.5
2446
986 780 300 300 DontCare 60 5.65093 2.01667 0.5
2447
972 774 300 300 DontCare 60 5.65093 2.01667 0.5
2453
357 508 300 300 car 61 11.1911 2.46819 0.5
2454
357 508 300 300 car 61 11.1911 2.46819 0.5
2455
331 496 300 300 car 61 11.1911 2.46819 0.5
2456
315 487 300 300 car 61 11.1911 2.46819 0.5
2457
315 487 300 300 car 61 11.1911 2.46819 0.5
2458
276 482 300 300 car 61 11.1911 2.46819 0.5
2459
253 480 300 300 car 61 11.1911 2.46819 0.5
2460
227 472 300 300 car 61 11.1911 2.46819 0.5
2461
227 472 300 300 car 61 11.1911 2.46819 0.5
2462
166 459 300 300 car 61 11.1911 2.46819 0.5
2463
124 453 300 300 car 61 11.1911 2.46819 0.5
2464
70 441 300 300 car 61 11.1911 2.46819 0.5
2465
70 441 300 300 car 61 11.1911 2.46819 0.5
2466
0 432 300 300 car 61 11.1911 2.46819 0.5
2467
0 441 300 300 car 61 11.1911 2.46819 0.5
2468
1315 778 300 300 car 61 11.1911 2.46819 0.5
2499
319 572 300 300 car 62 15.5819 4.01162 0.5
2500
319 572 300 300 car 62 15.5819 4.01162 0.5
2501
411 576 300 300 car 62 15.5819 4.01162 0.5
2502
411 576 300 300 car 62 15.5819 4.01162 0.5
2503
548 584 300 300 car 62 15.5819 4.01162 0.5
2504
548 584 300 300 car 62 15.5819 4.01162 0.5
2505
548 584 300 300 car 62 15.5819 4.01162 0.5
2506
875 580 300 300 car 62 15.5819 4.01162 0.5
2507
1006 576 300 300 car 62 15.5819 4.01162 0.5
2508
1141 569 300 300 car 62 15.5819 4.01162 0.5
2545
746 583 300 300 misc 63 19.8899 -0.0662262 0.5
2546
746 583 300 300 misc 63 19.8899 -0.0662262 0.5
2547
746 583 300 300 misc 63 19.8899 -0.0662262 0.5
2548
742 582 300 300 misc 63 19.8899 -0.0662262 0.5
2549
742 582 300 300 misc 63 19.8899 -0.0662262 0.5
2550
747 576 300 300 misc 63 19.8899 -0.0662262 0.5
2551
747 576 300 300 misc 63 19.8899 -0.0662262 0.5
2552
753 576 300 300 misc 63 19.8899 -0.0662262 0.5
2553
753 576 300 300 misc 63 19.8899 -0.0662262 0.5
2554
755 575 300 300 misc 63 19.8899 -0.0662262 0.5
2555
755 575 300 300 misc 63 19.8899 -0.0662262 0.5
2556
756 577 300 300 misc 63 19.8899 -0.0662262 0.5
2557
756 577 300 300 misc 63 19.8899 -0.0662262 0.5
2558
756 577 300 300 misc 63 19.8899 -0.0662262 0.5
2559
761 581 300 300 misc 63 19.8899 -0.0662262 0.5
2560
761 581 300 300 misc 63 19.8899 -0.0662262 0.5
2561
764 582 300 300 misc 63 19.8899 -0.0662262 0.5
2562
764 582 300 300 misc 63 19.8899 -0.0662262 0.5
2563
767 582 300 300 misc 63 19.8899 -0.0662262 0.5
2564
767 582 300 300 misc 63 19.8899 -0.0662262 0.5
2565
770 581 300 300 misc 63 19.8899 -0.0662262 0.5
2566
770 581 300 300 misc 63 19.8899 -0.0662262 0.5
2567
773 579 300 300 misc 63 19.8899 -0.0662262 0.5
2568
773 579 300 300 misc 63 19.8899 -0.0662262 0.5
2569
773 579 300 300 misc 63 19.8899 -0.0662262 0.5
2570
776 579 300 300 misc 63 19.8899 -0.0662262 0.5
2571
776 579 300 300 misc 63 19.8899 -0.0662262 0.5
2572
778 575 300 300 misc 63 19.8899 -0.0662262 0.5
2573
778 575 300 300 misc 63 19.8899 -0.0662262 0.5
2574
781 586 300 300 misc 63 19.8899 -0.0662262 0.5
2575
781 586 300 300 misc 63 19.8899 -0.0662262 0.5
2576
783 634 300 300 misc 63 19.8899 -0.0662262 0.5
2577
783 634 300 300 misc 63 19.8899 -0.0662262 0.5
2578
777 669 300 300 misc 63 19.8899 -0.0662262 0.5
2579
777 669 300 300 misc 63 19.8899 -0.0662262 0.5
2580
777 669 300 300 misc 63 19.8899 -0.0662262 0.5
2581
743 673 300 300 misc 63 19.8899 -0.0662262 0.5
2582
743 673 300 300 misc 63 19.8899 -0.0662262 0.5
2583
695 670 300 300 misc 63 19.8899 -0.0662262 0.5
2584
695 670 300 300 misc 63 19.8899 -0.0662262 0.5
2585
624 674 300 300 misc 63 19.8899 -0.0662262 0.5
2586
624 674 300 300 misc 63 19.8899 -0.0662262 0.5
2587
547 651 300 300 misc 63 19.8899 -0.0662262 0.5
2588
547 651 300 300 misc 63 19.8899 -0.0662262 0.5
2589
454 597 300 300 misc 63 19.8899 -0.0662262 0.5
2590
454 597 300 300 misc 63 19.8899 -0.0662262 0.5
2591
335 583 300 300 misc 63 19.8899 -0.0662262 0.5
2592
267 584 300 300 misc 63 19.8899 -0.0662262 0.5
2593
267 584 300 300 misc 63 19.8899 -0.0662262 0.5
2594
267 584 300 300 misc 63 19.8899 -0.0662262 0.5
2595
267 584 300 300 misc 63 19.8899 -0.0662262 0.5
2596
1116 626 300 300 car 64 5.88566 -1.53535 0.5
2597
1116 626 300 300 car 64 5.88566 -1.53535 0.5
2598
890 623 300 300 car 64 5.88566 -1.53535 0.5
2599
766 630 300 300 car 64 5.88566 -1.53535 0.5
2600
631 635 300 300 car 64 5.88566 -1.53535 0.5
2601
483 637 300 300 car 64 5.88566 -1.53535 0.5
2602
324 643 300 300 car 64 5.88566 -1.53535 0.5
2603
156 643 300 300 car 64 5.88566 -1.53535 0.5
2604
0 639 300 300 car 64 5.88566 -1.53535 0.5
2605
0 639 300 300 car 64 5.88566 -1.53535 0.5
2606
0 682 300 300 car 64 5.88566 -1.53535 0.5
2607
0 682 300 300 car 64 5.88566 -1.53535 0.5
2608
0 682 300 300 car 64 5.88566 -1.53535 0.5
2609
0 682 300 300 car 64 5.88566 -1.53535 0.5
2610
601 574 300 300 car 67 10.009 0.469823 0.5
2611
549 571 300 300 car 67 10.009 0.469823 0.5
2612
497 569 300 300 car 67 10.009 0.469823 0.5
2613
497 569 300 300 car 67 10.009 0.469823 0.5
2614
403 565 300 300 car 67 10.009 0.469823 0.5
2615
403 565 300 300 car 67 10.009 0.469823 0.5
2616
303 565 300 300 car 67 10.009 0.469823 0.5
2617
303 565 300 300 car 67 10.009 0.469823 0.5
2618
90 572 300 300 car 67 10.009 0.469823 0.5
2619
90 572 300 300 car 67 10.009 0.469823 0.5
2620
1324 924 300 300 car 67 10.009 0.469823 0.5
2621
1324 924 300 300 car 67 10.009 0.469823 0.5
2622
1324 924 300 300 car 67 10.009 0.469823 0.5
2623
1187 559 300 300 car 68 8.62659 -2.89688 0.5
2624
1187 559 300 300 car 68 8.62659 -2.89688 0.5
2625
1186 569 300 300 car 68 8.62659 -2.89688 0.5
2626
1192 558 300 300 car 68 8.62659 -2.89688 0.5
2627
1202 562 300 300 car 68 8.62659 -2.89688 0.5
2628
1209 552 300 300 car 68 8.62659 -2.89688 0.5
2629
1219 543 300 300 car 68 8.62659 -2.89688 0.5
2630
1236 544 300 300 car 68 8.62659 -2.89688 0.5
2631
1236 544 300 300 car 68 8.62659 -2.89688 0.5
2632
1271 563 300 300 car 68 8.62659 -2.89688 0.5
2633
1291 565 300 300 car 68 8.62659 -2.89688 0.5
2634
1317 575 300 300 car 68 8.62659 -2.89688 0.5
2718
329 537 300 300 car 124 14.4469 2.66128 0.5
2719
320 532 300 300 car 124 14.4469 2.66128 0.5
2720
307 533 300 300 car 124 14.4469 2.66128 0.5
2721
292 528 300 300 car 124 14.4469 2.66128 0.5
2722
277 528 300 300 car 124 14.4469 2.66128 0.5
2723
262 528 300 300 car 124 14.4469 2.66128 0.5
2724
246 527 300 300 car 124 14.4469 2.66128 0.5
2725
230 527 300 300 car 124 14.4469 2.66128 0.5
2764
225 598 300 300 car 125 14.8882 4.31172 0.5
2765
321 598 300 300 car 125 14.8882 4.31172 0.5
2766
415 598 300 300 car 125 14.8882 4.31172 0.5
2767
512 587 300 300 car 125 14.8882 4.31172 0.5
2768
611 582 300 300 car 125 14.8882 4.31172 0.5
2769
702 580 300 300 car 125 14.8882 4.31172 0.5
2770
779 578 300 300 car 125 14.8882 4.31172 0.5
2771
843 577 300 300 car 125 14.8882 4.31172 0.5
2772
896 575 300 300 car 125 14.8882 4.31172 0.5
2773
949 577 300 300 car 125 14.8882 4.31172 0.5
2774
996 576 300 300 car 125 14.8882 4.31172 0.5
2775
996 576 300 300 car 125 14.8882 4.31172 0.5
2776
996 576 300 300 car 125 14.8882 4.31172 0.5
2777
263 573 300 300 car 126 8.44855 2.53268 0.5
2778
238 571 300 300 car 126 8.44855 2.53268 0.5
2779
203 563 300 300 car 126 8.44855 2.53268 0.5
2780
203 563 300 300 car 126 8.44855 2.53268 0.5
2781
105 557 300 300 car 126 8.44855 2.53268 0.5
2782
34 550 300 300 car 126 8.44855 2.53268 0.5
2783
0 553 300 300 car 126 8.44855 2.53268 0.5
2844
1275 513 300 300 sign 127 17.3478 -7.47564 0.5
2845
1275 513 300 300 sign 127 17.3478 -7.47564 0.5
2846
1275 513 300 300 sign 127 17.3478 -7.47564 0.5
2847
1171 501 300 300 sign 127 17.3478 -7.47564 0.5
2848
1171 501 300 300 sign 127 17.3478 -7.47564 0.5
2849
1138 502 300 300 sign 127 17.3478 -7.47564 0.5
2850
1138 502 300 300 sign 127 17.3478 -7.47564 0.5
2851
1118 498 300 300 sign 127 17.3478 -7.47564 0.5
2852
1118 498 300 300 sign 127 17.3478 -7.47564 0.5
2853
1098 500 300 300 sign 127 17.3478 -7.47564 0.5
2854
1098 500 300 300 sign 127 17.3478 -7.47564 0.5
2855
1098 500 300 300 sign 127 17.3478 -7.47564 0.5
2856
1103 502 300 300 sign 127 17.3478 -7.47564 0.5
2857
1103 502 300 300 sign 127 17.3478 -7.47564 0.5
2858
1114 503 300 300 sign 127 17.3478 -7.47564 0.5
2859
1114 503 300 300 sign 127 17.3478 -7.47564 0.5
2860
1129 509 300 300 sign 127 17.3478 -7.47564 0.5
2861
1129 509 300 300 sign 127 17.3478 -7.47564 0.5
2862
1153 508 300 300 sign 127 17.3478 -7.47564 0.5
2863
1153 508 300 300 sign 127 17.3478 -7.47564 0.5
2864
1153 508 300 300 sign 127 17.3478 -7.47564 0.5
2865
1215 509 300 300 sign 127 17.3478 -7.47564 0.5
2866
1215 509 300 300 sign 127 17.3478 -7.47564 0.5
2867
1304 504 300 300 sign 127 17.3478 -7.47564 0.5
2868
1304 504 300 300 sign 127 17.3478 -7.47564 0.5
2869
1304 504 300 300 sign 127 17.3478 -7.47564 0.5
2870
1304 504 300 300 sign 127 17.3478 -7.47564 0.5
2871
937 556 300 300 misc 128 13.548 -1.96662 0.5
2872
937 556 300 300 misc 128 13.548 -1.96662 0.5
2873
955 558 300 300 misc 128 13.548 -1.96662 0.5
2874
964 563 300 300 misc 128 13.548 -1.96662 0.5
2879
1085 606 300 300 misc 128 13.548 -1.96662 0.5
2880
1132 603 300 300 misc 128 13.548 -1.96662 0.5
2881
1132 603 300 300 misc 128 13.548 -1.96662 0.5
2882
1261 609 300 300 misc 128 13.548 -1.96662 0.5
2883
1324 607 300 300 misc 128 13.548 -1.96662 0.5
2933
699 565 300 300 car 129 24.58 -0.0268122 0.5
2934
699 565 300 300 car 129 24.58 -0.0268122 0.5
2935
699 565 300 300 car 129 24.58 -0.0268122 0.5
2936
707 560 300 300 car 129 24.58 -0.0268122 0.5
2937
707 560 300 300 car 129 24.58 -0.0268122 0.5
2938
711 555 300 300 car 129 24.58 -0.0268122 0.5
2939
711 555 300 300 car 129 24.58 -0.0268122 0.5
2940
714 555 300 300 car 129 24.58 -0.0268122 0.5
2941
714 555 300 300 car 129 24.58 -0.0268122 0.5
2942
716 551 300 300 car 129 24.58 -0.0268122 0.5
2943
716 550 300 300 car 129 24.58 -0.0268122 0.5
2944
714 552 300 300 car 129 24.58 -0.0268122 0.5
2945
712 552 300 300 car 129 24.58 -0.0268122 0.5
2946
709 551 300 300 car 129 24.58 -0.0268122 0.5
2947
705 548 300 300 car 129 24.58 -0.0268122 0.5
2948
699 549 300 300 car 129 24.58 -0.0268122 0.5
2949
691 547 300 300 car 129 24.58 -0.0268122 0.5
2950
680 543 300 300 car 129 24.58 -0.0268122 0.5
2951
667 550 300 300 car 129 24.58 -0.0268122 0.5
2952
652 550 300 300 car 129 24.58 -0.0268122 0.5
2953
636 563 300 300 car 129 24.58 -0.0268122 0.5
2954
615 560 300 300 car 129 24.58 -0.0268122 0.5
2955
602 558 300 300 car 129 24.58 -0.0268122 0.5
2956
584 561 300 300 car 129 24.58 -0.0268122 0.5
2957
562 562 300 300 car 129 24.58 -0.0268122 0.5
2958
562 562 300 300 car 129 24.58 -0.0268122 0.5
2959
562 562 300 300 car 129 24.58 -0.0268122 0.5
2960
1013 610 300 300 misc 130 14.3051 -2.6029 0.5
2961
1013 610 300 300 misc 130 14.3051 -2.6029 0.5
2962
1012 606 300 300 misc 130 14.3051 -2.6029 0.5
2963
1007 617 300 300 misc 130 14.3051 -2.6029 0.5
2964
1002 620 300 300 misc 130 14.3051 -2.6029 0.5
2965
993 624 300 300 misc 130 14.3051 -2.6029 0.5
2966
979 629 300 300 misc 130 14.3051 -2.6029 0.5
2967
963 653 300 300 misc 130 14.3051 -2.6029 0.5
2968
938 643 300 300 misc 130 14.3051 -2.6029 0.5
2969
914 638 300 300 misc 130 14.3051 -2.6029 0.5
2970
886 633 300 300 misc 130 14.3051 -2.6029 0.5
2971
886 633 300 300 misc 130 14.3051 -2.6029 0.5
2972
818 655 300 300 misc 130 14.3051 -2.6029 0.5
2973
818 655 300 300 misc 130 14.3051 -2.6029 0.5
2974
720 663 300 300 misc 130 14.3051 -2.6029 0.5
2975
720 663 300 300 misc 130 14.3051 -2.6029 0.5
2976
592 672 300 300 misc 130 14.3051 -2.6029 0.5
2977
592 672 300 300 misc 130 14.3051 -2.6029 0.5
2978
424 679 300 300 misc 130 14.3051 -2.6029 0.5
2979
424 679 300 300 misc 130 14.3051 -2.6029 0.5
2980
211 694 300 300 misc 130 14.3051 -2.6029 0.5
2981
82 693 300 300 misc 130 14.3051 -2.6029 0.5
2982
0 699 300 300 misc 130 14.3051 -2.6029 0.5
2989
1105 556 300 300 DontCare 131 16.7075 -4.35466 0.5
2990
1105 556 300 300 DontCare 131 16.7075 -4.35466 0.5
2991
881 554 300 300 DontCare 131 16.7075 -4.35466 0.5
2992
881 554 300 300 DontCare 131 16.7075 -4.35466 0.5
2993
881 554 300 300 DontCare 131 16.7075 -4.35466 0.5
2994
511 536 300 300 people 132 10.1833 1.74689 0.5
2995
391 539 300 300 people 132 10.1833 1.74689 0.5
2996
275 543 300 300 people 132 10.1833 1.74689 0.5
2997
164 549 300 300 people 132 10.1833 1.74689 0.5
2998
61 555 300 300 people 132 10.1833 1.74689 0.5
3011
836 561 300 300 car 133 15.0805 -1.73488 0.5
3012
836 561 300 300 car 133 15.0805 -1.73488 0.5
3013
876 552 300 300 car 133 15.0805 -1.73488 0.5
3014
876 552 300 300 car 133 15.0805 -1.73488 0.5
3015
903 561 300 300 car 133 15.0805 -1.73488 0.5
3016
917 565 300 300 car 133 15.0805 -1.73488 0.5
3017
930 569 300 300 car 133 15.0805 -1.73488 0.5
3018
943 571 300 300 car 133 15.0805 -1.73488 0.5
3019
958 563 300 300 car 133 15.0805 -1.73488 0.5
3020
970 558 300 300 car 133 15.0805 -1.73488 0.5
3021
984 556 300 300 car 133 15.0805 -1.73488 0.5
3022
993 558 300 300 car 133 15.0805 -1.73488 0.5
3023
1001 555 300 300 car 133 15.0805 -1.73488 0.5
3024
1024 551 300 300 car 133 15.0805 -1.73488 0.5
3025
1054 550 300 300 car 133 15.0805 -1.73488 0.5
3040
1080 582 300 300 car 134 15.7763 -4.09841 0.5
3041
1080 582 300 300 car 134 15.7763 -4.09841 0.5
3042
1080 582 300 300 car 134 15.7763 -4.09841 0.5
3043
1100 577 300 300 car 134 15.7763 -4.09841 0.5
3044
1100 577 300 300 car 134 15.7763 -4.09841 0.5
3045
1121 579 300 300 car 134 15.7763 -4.09841 0.5
3046
1121 579 300 300 car 134 15.7763 -4.09841 0.5
3047
1158 574 300 300 car 134 15.7763 -4.09841 0.5
3048
1182 571 300 300 car 134 15.7763 -4.09841 0.5
3049
1182 571 300 300 car 134 15.7763 -4.09841 0.5
3050
1182 571 300 300 car 134 15.7763 -4.09841 0.5
3051
974 559 300 300 car 135 19.2679 -3.59284 0.5
3052
974 559 300 300 car 135 19.2679 -3.59284 0.5
3053
974 559 300 300 car 135 19.2679 -3.59284 0.5
3054
1009 560 300 300 car 135 19.2679 -3.59284 0.5
3055
1009 560 300 300 car 135 19.2679 -3.59284 0.5
3056
1039 557 300 300 car 135 19.2679 -3.59284 0.5
3057
1039 557 300 300 car 135 19.2679 -3.59284 0.5
3058
1039 557 300 300 car 135 19.2679 -3.59284 0.5
3059
1096 553 300 300 car 135 19.2679 -3.59284 0.5
3060
1122 557 300 300 car 135 19.2679 -3.59284 0.5
3061
1155 553 300 300 car 135 19.2679 -3.59284 0.5
3062
1197 546 300 300 car 135 19.2679 -3.59284 0.5
3063
1252 541 300 300 car 135 19.2679 -3.59284 0.5
3064
1324 536 300 300 car 135 19.2679 -3.59284 0.5
3065
1110 521 300 300 car 135 19.2679 -3.59284 0.5
3087
654 569 300 300 DontCare 136 23.0841 1.30817 0.5
3088
654 569 300 300 DontCare 136 23.0841 1.30817 0.5
3089
634 569 300 300 DontCare 136 23.0841 1.30817 0.5
3090
634 569 300 300 DontCare 136 23.0841 1.30817 0.5
3091
634 569 300 300 DontCare 136 23.0841 1.30817 0.5
3092
598 565 300 300 DontCare 136 23.0841 1.30817 0.5
3093
582 565 300 300 DontCare 136 23.0841 1.30817 0.5
3094
566 566 300 300 DontCare 136 23.0841 1.30817 0.5
3095
551 564 300 300 DontCare 136 23.0841 1.30817 0.5
3096
532 565 300 300 DontCare 136 23.0841 1.30817 0.5
3097
517 569 300 300 DontCare 136 23.0841 1.30817 0.5
3098
502 568 300 300 DontCare 136 23.0841 1.30817 0.5
3099
490 567 300 300 DontCare 136 23.0841 1.30817 0.5
3100
483 565 300 300 DontCare 136 23.0841 1.30817 0.5
3101
481 565 300 300 DontCare 136 23.0841 1.30817 0.5
3102
480 564 300 300 DontCare 136 23.0841 1.30817 0.5
3103
481 562 300 300 DontCare 136 23.0841 1.30817 0.5
3104
481 565 300 300 DontCare 136 23.0841 1.30817 0.5
3105
482 575 300 300 DontCare 136 23.0841 1.30817 0.5
3106
480 573 300 300 DontCare 136 23.0841 1.30817 0.5
3107
481 569 300 300 DontCare 136 23.0841 1.30817 0.5
3108
480 564 300 300 DontCare 136 23.0841 1.30817 0.5
3109
485 574 300 300 DontCare 136 23.0841 1.30817 0.5
3110
488 579 300 300 DontCare 136 23.0841 1.30817 0.5
3111
493 576 300 300 DontCare 136 23.0841 1.30817 0.5
