FRAME_ID
BOX_X BOX_Y WIDTH HEIGHT LABEL ID 3D_X 3D_Y 3D_Z
1029
373 597 218 218 car 1 13.6172 1.98503 0.5
1030
373 597 218 218 car 1 13.6172 1.98503 0.5
1031
453 597 218 218 car 1 13.6172 1.98503 0.5
1032
453 597 218 218 car 1 13.6172 1.98503 0.5
1033
516 601 218 218 car 1 14.0557 1.94853 0.5
1034
516 601 218 218 car 1 14.0557 1.94853 0.5
1035
566 603 218 218 car 1 14.421 1.92662 0.5
1036
566 603 218 218 car 1 14.421 1.92662 0.5
1037
608 614 218 218 car 1 14.7864 1.90471 0.5
1038
608 614 218 218 car 1 14.7864 1.90471 0.5
1039
644 616 218 218 car 1 15.1517 1.8828 0.5
1040
644 616 218 218 car 1 15.1517 1.8828 0.5
1041
675 612 218 218 car 1 15.5171 1.86088 0.5
1042
675 612 218 218 car 1 15.5171 1.86088 0.5
1043
700 610 218 218 car 1 15.8824 1.83897 0.5
1044
700 610 218 218 car 1 15.8824 1.83897 0.5
1045
698 609 218 218 car 1 16.2478 1.81706 0.5
1046
699 609 218 218 car 1 16.6131 1.79515 0.5
1047
699 609 218 218 car 1 16.6131 1.79515 0.5
1048
696 606 218 218 car 1 16.9785 1.77324 0.5
1049
696 606 218 218 car 1 16.9785 1.77324 0.5
1050
692 607 218 218 car 1 16.9785 1.77324 0.5
1051
692 607 218 218 car 1 16.9785 1.77324 0.5
1052
685 607 218 218 car 1 17.3438 1.75132 0.5
1053
685 607 218 218 car 1 17.3438 1.75132 0.5
1054
687 604 218 218 car 1 17.7092 1.72941 0.5
1055
687 604 218 218 car 1 17.7092 1.72941 0.5
1056
689 604 218 218 car 1 18.0745 1.7075 0.5
1057
689 604 218 218 car 1 18.0745 1.7075 0.5
1058
691 602 218 218 car 1 18.4399 1.68559 0.5
1059
691 602 218 218 car 1 18.4399 1.68559 0.5
1060
693 600 218 218 car 1 18.8052 1.66367 0.5
1061
693 600 218 218 car 1 18.8052 1.66367 0.5
1062
693 600 218 218 car 1 19.1706 1.64176 0.5
1063
693 600 218 218 car 1 19.1706 1.64176 0.5
1064
692 597 218 218 car 1 19.5359 1.61985 0.5
1144
570 597 145 145 van 2 25.7349 2.61821 0.5
1145
590 602 145 145 van 2 25.7349 2.61821 0.5
1146
590 602 145 145 van 2 25.7349 2.61821 0.5
1147
623 610 145 145 van 2 26.2265 2.61557 0.5
1148
636 614 145 145 van 2 26.7182 2.61292 0.5
1149
636 614 145 145 van 2 26.7182 2.61292 0.5
1150
659 621 145 145 van 2 27.2098 2.61027 0.5
1151
668 623 145 145 van 2 27.7015 2.60762 0.5
1152
668 623 145 145 van 2 27.7015 2.60762 0.5
1153
683 626 145 145 van 2 28.1931 2.60497 0.5
1154
688 626 145 145 van 2 28.6848 2.60232 0.5
1155
688 626 145 145 van 2 28.6848 2.60232 0.5
1156
697 625 145 145 van 2 29.1764 2.59967 0.5
1157
700 624 145 145 van 2 29.6681 2.59702 0.5
1158
700 624 145 145 van 2 29.6681 2.59702 0.5
1159
705 624 145 145 van 2 30.1597 2.59437 0.5
1160
705 624 145 145 van 2 30.1597 2.59437 0.5
1161
709 623 145 145 van 2 30.1597 2.59437 0.5
1162
711 624 145 145 van 2 30.6514 2.59173 0.5
1163
711 624 145 145 van 2 30.6514 2.59173 0.5
1164
714 622 145 145 van 2 31.143 2.58908 0.5
1165
715 621 145 145 van 2 31.6347 2.58643 0.5
1166
715 621 145 145 van 2 31.6347 2.58643 0.5
1167
716 623 145 145 van 2 32.1263 2.58378 0.5
1168
717 620 145 145 van 2 32.618 2.58113 0.5
1169
717 620 145 145 van 2 32.618 2.58113 0.5
1170
716 622 145 145 van 2 33.1096 2.57848 0.5
