FRAME_ID
BOX_X BOX_Y WIDTH HEIGHT
824
271 628 245 160
825
271 628 245 160
826
337 637 245 160
827
337 637 245 160
828
385 645 245 160
829
406 647 245 160
830
406 647 245 160
831
442 651 245 160
832
442 651 245 160
833
478 651 245 160
834
478 651 245 160
835
504 654 245 160
836
504 654 245 160
837
530 655 245 160
838
540 658 245 160
839
540 658 245 160
840
562 661 245 160
841
562 661 245 160
842
583 661 245 160
843
583 661 245 160
844
602 660 245 160
845
602 660 245 160
846
620 659 245 160
847
620 659 245 160
848
639 656 245 160
849
647 656 245 160
850
647 656 245 160
851
666 656 245 160
852
666 656 245 160
853
683 655 245 160
854
683 655 245 160
855
696 656 245 160
856
696 656 245 160
857
706 659 245 160
858
706 659 245 160
859
710 656 245 160
860
711 657 245 160
861
711 657 245 160
862
713 660 245 160
863
713 660 245 160
864
714 656 245 160
865
714 656 245 160
866
716 656 245 160
915
410 607 146 148
916
437 608 146 148
917
437 608 146 148
918
480 613 146 148
919
480 613 146 148
920
515 616 146 148
921
532 617 146 148
922
532 617 146 148
923
561 627 146 148
924
561 627 146 148
925
576 624 146 148
926
556 622 146 148
927
556 622 146 148
928
324 650 146 148
929
301 648 146 148
1032
494 642 155 104
1033
525 644 155 104
1034
525 644 155 104
1035
576 645 155 104
1036
598 651 155 104
1037
598 651 155 104
1038
638 657 155 104
1039
638 657 155 104
1040
671 657 155 104
1041
685 656 155 104
1042
685 656 155 104
1043
710 656 155 104
1044
720 658 155 104
1045
720 658 155 104
1046
738 658 155 104
1047
738 658 155 104
1048
752 656 155 104
1049
758 657 155 104
1050
758 657 155 104
1051
768 660 155 104
1052
772 660 155 104
1053
772 660 155 104
1054
783 659 155 104
1055
783 659 155 104
1056
793 660 155 104
1057
796 659 155 104
1058
796 659 155 104
1059
802 657 155 104
1060
805 659 155 104
1061
805 659 155 104
1062
807 660 155 104
1063
807 660 155 104
1064
808 658 155 104
1065
808 658 155 104
1066
808 658 155 104
1067
807 657 155 104
1068
806 659 155 104
1069
806 659 155 104
1070
806 660 155 104
1071
807 655 155 104
1072
807 655 155 104
1073
808 658 155 104
1074
808 658 155 104
1075
810 656 155 104
1076
810 660 155 104
1077
810 660 155 104
1078
812 656 155 104
1079
813 657 155 104
1080
813 657 155 104
1081
814 663 155 104
1082
814 663 155 104
1083
815 663 155 104
1084
816 662 155 104
1142
482 584 152 150
1143
512 589 152 150
1144
512 589 152 150
1145
558 599 152 150
1146
558 599 152 150
1147
591 606 152 150
1148
604 609 152 150
1149
604 609 152 150
1150
627 615 152 150
1151
627 615 152 150
1152
646 616 152 150
1153
653 619 152 150
1154
653 619 152 150
1155
665 616 152 150
1156
669 619 152 150
1157
669 619 152 150
1158
675 617 152 150
1159
675 617 152 150
1160
679 617 152 150
1161
680 618 152 150
1162
680 618 152 150
1163
681 617 152 150
1164
681 617 152 150
1165
683 616 152 150
1166
683 619 152 150
1245
433 623 222 123
1246
451 624 222 123
1247
451 624 222 123
1248
486 628 222 123
1249
504 630 222 123
1250
504 630 222 123
1251
540 631 222 123
1252
556 637 222 123
1253
556 637 222 123
1254
589 639 222 123
1255
589 639 222 123
1256
620 639 222 123
1257
631 642 222 123
1258
631 642 222 123
1259
651 643 222 123
1260
663 640 222 123
1261
663 640 222 123
1262
682 642 222 123
1263
688 642 222 123
1264
688 642 222 123
1265
689 641 222 123
1266
690 646 222 123
1267
690 646 222 123
1268
690 642 222 123
1269
690 642 222 123
1270
689 645 222 123
1271
688 645 222 123
1272
688 645 222 123
1273
687 649 222 123
1274
686 648 222 123
1275
686 648 222 123
1276
684 649 222 123
1277
682 649 222 123
1278
682 649 222 123
1279
678 649 222 123
1280
678 649 222 123
1281
674 655 222 123
1282
671 653 222 123
1283
671 653 222 123
1284
669 653 222 123
1285
670 652 222 123
1286
670 652 222 123
1287
670 651 222 123
1288
671 651 222 123
1289
671 651 222 123
1290
672 650 222 123
1291
674 651 222 123
1292
674 651 222 123
1293
678 655 222 123
1294
680 654 222 123
1295
680 654 222 123
1296
685 653 222 123
1297
687 651 222 123
1298
687 651 222 123
1299
689 648 222 123
1300
689 648 222 123
1301
680 653 222 123
1302
675 652 222 123
1303
675 652 222 123
1304
662 649 222 123
1305
657 649 222 123
1306
657 649 222 123
1307
636 650 222 123
1468
283 672 312 162
1469
329 666 312 162
1470
329 666 312 162
1471
365 672 312 162
1472
384 672 312 162
1473
407 671 312 162
1474
407 671 312 162
1475
436 670 312 162
1476
445 672 312 162
1477
445 672 312 162
1478
463 671 312 162
1479
469 671 312 162
1480
469 671 312 162
1481
478 671 312 162
1482
478 669 312 162
