FRAME_ID
BOX_X BOX_Y WIDTH HEIGHT LABEL ID 3D_X 3D_Y 3D_Z
817
251 495 395 395 car 0 8.09682 2.16007 0.5
818
263 495 395 395 car 0 8.11532 2.08951 0.5
819
263 495 395 395 car 0 8.11532 2.08951 0.5
820
282 497 391 391 car 0 8.4163 2.05459 0.5
821
263 495 394 394 car 0 8.20299 2.11188 0.5
822
201 495 395 395 car 0 8.01739 2.45044 0.5
823
176 496 392 392 car 0 8.20327 2.67052 0.5
824
199 500 385 385 car 0 8.75694 2.72402 0.5
825
216 503 378 378 car 0 9.29274 2.78678 0.5
826
240 507 370 370 car 0 9.95914 2.8324 0.5
827
265 512 361 361 car 0 10.6888 2.87549 0.5
828
292 516 353 353 car 0 11.3984 2.85991 0.5
829
314 521 343 343 car 0 12.1988 2.90765 0.5
830
337 525 334 334 car 0 12.9315 2.88953 0.5
831
363 531 323 323 car 0 13.7936 2.88273 0.5
832
380 535 315 315 car 0 14.4613 2.87914 0.5
833
396 539 307 307 car 0 15.0964 2.86782 0.5
834
409 543 299 299 car 0 15.7947 2.89078 0.5
835
409 543 299 299 car 0 15.7947 2.89078 0.5
836
426 547 290 290 car 0 16.4942 2.86802 0.5
837
444 553 279 279 car 0 17.3712 2.86379 0.5
838
453 556 272 272 car 0 18.005 2.89319 0.5
839
462 560 264 264 car 0 18.6388 2.92258 0.5
840
471 564 256 256 car 0 19.2726 2.95198 0.5
841
480 568 248 248 car 0 19.9064 2.98138 0.5
842
488 572 240 240 car 0 20.5402 3.01077 0.5
843
496 576 232 232 car 0 21.174 3.04017 0.5
844
504 580 224 224 car 0 21.8078 3.06957 0.5
845
511 584 216 216 car 0 22.4416 3.09897 0.5
846
519 588 208 208 car 0 23.0754 3.12836 0.5
847
526 592 201 201 car 0 23.7092 3.15776 0.5
848
533 596 193 193 car 0 24.343 3.18716 0.5
849
540 600 185 185 car 0 24.9768 3.21655 0.5
850
547 604 177 177 car 0 25.6106 3.24595 0.5
851
554 608 169 169 car 0 26.2444 3.27535 0.5
852
554 608 169 169 car 0 26.2444 3.27535 0.5
853
560 612 161 161 car 0 26.8782 3.30474 0.5
854
567 616 153 153 car 0 27.512 3.33414 0.5
855
573 620 145 145 car 0 28.1458 3.36354 0.5
856
579 624 137 137 car 0 28.7796 3.39294 0.5
906
166 497 390 390 car 0 8.29832 2.77496 0.5
907
197 497 390 390 car 0 8.40572 2.60416 0.5
908
199 496 392 392 car 0 8.25426 2.54212 0.5
909
133 496 392 392 car 0 8.07535 2.90681 0.5
910
81 498 388 388 car 0 8.26726 3.34395 0.5
911
151 503 379 379 car 0 9.0816 3.19004 0.5
912
152 508 368 368 car 0 9.9271 3.51892 0.5
913
315 514 357 357 car 0 11.092 2.57074 0.5
914
315 514 357 357 car 0 11.092 2.57074 0.5
915
328 519 346 346 car 0 11.9879 2.70894 0.5
916
330 521 343 343 car 0 12.1973 2.75478 0.5
917
331 522 341 341 car 0 12.4068 2.80062 0.5
918
333 523 338 338 car 0 12.6163 2.84646 0.5
919
263 538 309 309 car 0 14.6646 4.25504 0.5
920
271 542 300 300 car 0 15.3246 4.40249 0.5
921
278 546 292 292 car 0 15.9846 4.54994 0.5
922
287 551 283 283 car 0 16.6446 4.6974 0.5
923
293 555 275 275 car 0 17.3046 4.84485 0.5
924
463 574 236 236 car 0 20.8298 3.46926 0.5
1023
226 495 395 395 car 0 8.0675 2.3038 0.5
1024
238 495 395 395 car 0 8.08725 2.23349 0.5
1025
248 496 393 393 car 0 8.22426 2.21611 0.5
1026
196 496 393 393 car 0 8.17006 2.52962 0.5
1027
196 496 393 393 car 0 8.17006 2.52962 0.5
1028
180 496 392 392 car 0 8.15176 2.62844 0.5
1029
159 496 392 392 car 0 8.15007 2.76357 0.5
1030
252 506 373 373 car 0 9.75374 2.67315 0.5
1031
311 514 357 357 car 0 11.1114 2.61381 0.5
1032
363 522 340 340 car 0 12.4989 2.52214 0.5
1033
401 529 326 326 car 0 13.6739 2.44242 0.5
1034
438 537 310 310 car 0 14.9667 2.358 0.5
1035
465 545 295 295 car 0 16.1579 2.31574 0.5
1036
489 553 279 279 car 0 17.4862 2.30111 0.5
1037
507 559 266 266 car 0 18.509 2.28382 0.5
1038
523 565 254 254 car 0 19.5317 2.26654 0.5
1039
539 572 241 241 car 0 20.5545 2.24926 0.5
1040
553 578 228 228 car 0 21.5773 2.23197 0.5
1041
566 584 216 216 car 0 22.6001 2.21469 0.5
1042
566 584 216 216 car 0 22.6001 2.21469 0.5
1043
580 591 203 203 car 0 23.6228 2.19741 0.5
1044
593 597 190 190 car 0 24.6456 2.18012 0.5
1045
604 603 178 178 car 0 25.6684 2.16284 0.5
1046
617 610 165 165 car 0 26.6912 2.14556 0.5
1047
628 616 152 152 car 0 27.714 2.12827 0.5
1048
639 623 139 139 car 0 28.7367 2.11099 0.5
1134
185 496 393 393 car 0 8.10771 2.58555 0.5
1135
203 496 393 393 car 0 8.13124 2.47656 0.5
1136
164 496 392 392 car 0 8.12398 2.72729 0.5
1137
141 496 392 392 car 0 8.11971 2.87521 0.5
1138
119 497 391 391 car 0 8.11544 3.02314 0.5
1139
224 510 365 365 car 0 10.3043 3.08103 0.5
1140
468 555 275 275 car 0 17.7557 2.63381 0.5
1141
396 545 295 295 car 0 16.0193 3.12039 0.5
1235
122 500 384 384 car 0 8.649 3.22298 0.5
1236
122 500 384 384 car 0 8.649 3.22298 0.5
1237
122 500 384 384 car 0 8.649 3.22298 0.5
1238
122 500 384 384 car 0 8.649 3.22298 0.5
1239
216 496 392 392 car 0 8.27054 2.43463 0.5
1240
280 494 396 396 car 0 8.08143 1.96909 0.5
1241
324 494 397 397 car 0 8.00594 1.68203 0.5
1242
287 494 396 396 car 0 8.03348 1.91164 0.5
1243
272 496 392 392 car 0 8.32485 2.0872 0.5
1244
278 499 387 387 car 0 8.77267 2.17983 0.5
1245
294 502 380 380 car 0 9.30409 2.22253 0.5
1246
314 506 372 372 car 0 9.91653 2.25038 0.5
1247
333 510 364 364 car 0 10.5674 2.27563 0.5
1248
354 514 356 356 car 0 11.234 2.28016 0.5
1249
376 518 348 348 car 0 11.8751 2.24842 0.5
1250
396 522 340 340 car 0 12.5432 2.23003 0.5
1251
416 526 332 332 car 0 13.2136 2.1841 0.5
1252
438 530 325 325 car 0 13.8271 2.1103 0.5
1253
455 533 319 319 car 0 14.3026 2.03729 0.5
1254
455 533 319 319 car 0 14.3026 2.03729 0.5
1255
473 537 311 311 car 0 14.937 1.97123 0.5
1256
492 541 302 302 car 0 15.6873 1.89991 0.5
1257
511 546 293 293 car 0 16.4578 1.81798 0.5
1258
531 551 283 283 car 0 17.2014 1.71714 0.5
1259
547 555 275 275 car 0 17.8915 1.62685 0.5
1260
558 558 268 268 car 0 18.4722 1.57142 0.5
1261
570 562 261 261 car 0 19.0529 1.51599 0.5
1262
581 566 253 253 car 0 19.6337 1.46056 0.5
1263
591 569 246 246 car 0 20.2144 1.40513 0.5
1264
601 573 239 239 car 0 20.7951 1.3497 0.5
1265
610 576 232 232 car 0 21.3758 1.29427 0.5
1266
620 580 225 225 car 0 21.9566 1.23884 0.5
1267
620 580 225 225 car 0 21.9566 1.23884 0.5
1268
629 584 217 217 car 0 22.5373 1.1834 0.5
1269
638 587 210 210 car 0 23.118 1.12797 0.5
1270
647 591 203 203 car 0 23.6987 1.07254 0.5
1271
654 594 196 196 car 0 24.2795 1.01711 0.5
1272
663 598 189 189 car 0 24.8602 0.961679 0.5
1273
671 602 181 181 car 0 25.4409 0.906248 0.5
1274
678 605 174 174 car 0 26.0216 0.850817 0.5
1275
686 609 167 167 car 0 26.6024 0.795385 0.5
1276
693 612 160 160 car 0 27.1831 0.739954 0.5
1277
700 616 152 152 car 0 27.7638 0.684523 0.5
1278
708 620 145 145 car 0 28.3446 0.629092 0.5
1279
714 623 138 138 car 0 28.9253 0.57366 0.5
1280
721 627 131 131 car 0 29.506 0.518229 0.5
1281
728 631 123 123 car 0 30.0867 0.462798 0.5
1463
186 496 392 392 car 0 8.1961 2.60461 0.5
1464
215 496 393 393 car 0 8.13392 2.39892 0.5
1465
172 496 393 393 car 0 8.05956 2.65433 0.5
1466
146 496 393 393 car 0 8.01561 2.80494 0.5
1467
201 506 372 372 car 0 9.70346 3.04847 0.5
1468
207 510 364 364 car 0 10.3662 3.23699 0.5
1469
311 522 340 340 car 0 12.3807 2.98927 0.5
1470
347 535 314 314 car 0 14.4691 3.24283 0.5
1471
393 547 290 290 car 0 16.4471 3.26331 0.5
1472
420 558 268 268 car 0 18.2159 3.39602 0.5
1473
441 567 250 250 car 0 19.6894 3.49434 0.5
1474
461 577 231 231 car 0 21.1629 3.59266 0.5
1475
461 577 231 231 car 0 21.1629 3.59266 0.5
1476
479 586 213 213 car 0 22.6363 3.69098 0.5
1477
496 595 194 194 car 0 24.1098 3.78929 0.5
1478
513 604 176 176 car 0 25.5832 3.88761 0.5
1479
528 613 158 158 car 0 27.0567 3.98593 0.5
1480
544 623 139 139 car 0 28.5302 4.08425 0.5
